      Analytical-1:             Jacobi-1:               ARMADILLO-1:        Analytical-2:             Jacobi-2:               ARMADILLO-2:       Analytical-3:             Jacobi-3:               ARMADILLO-3:
       0.012515978598993244414      0.0011172309262409616231      0.0011172309262428943219       0.025029996496650958743      0.0022342868317139353944     -0.0022342868317191417332       0.037540093298792959198      0.0033509927230871289217      0.0033509927230802824018
       0.025029996496650958743      0.0022342868317129847659      0.0022342868317191881371       0.050044309225501633354      0.0044671736617954340559     -0.0044671736618093395993       0.075027264246183084095      0.0066972613658955642071      0.0066972613658811798801
       0.037540093298792959198      0.0033509927230733495794      0.0033509927230802936775       0.075027264246183084095      0.0066972613658596311451     -0.0066972613658810653883        0.11240866509834127052       0.010034088507943645513       0.010034088507921232886
       0.050044309225501633354      0.0044671736618041900727      0.0044671736618094089882       0.099963207267031256587      0.0089231525734466497074     -0.0089231525734740843592        0.14963159722140739749       0.013356770038951181270       0.013356770038926253294
       0.062540685418132943574      0.0055826547916248484005      0.0055826547916266186858        0.12483651345404855881       0.011143452543615350522      -0.011143452543648124653        0.18664358538367697982       0.016660621790499690470       0.016660621790474380854
       0.075027264246183084095      0.0066972613658821695398      0.0066972613658811764106        0.14963159722140739749       0.013356770038890875343      -0.013356770038926052066        0.22339245173284560941       0.019940986139551874351       0.019940986139528181498
       0.087502089613962816261      0.0078108187749268004341      0.0078108187749266018082        0.17433292199736083461       0.015561718197009749218      -0.015561718197041649048        0.25982638935402080360       0.023193238574564001980       0.023193238574543958985
       0.099963207267031256587      0.0089231525734706947095      0.0089231525734742526274        0.19892500995944109587       0.017756915399919467186      -0.017756915399946011924        0.29589403530480296034       0.026412794214918287883       0.026412794214902265977
        0.11240866509834127052       0.010034088507916601174       0.010034088507921267580        0.22339245173284560941       0.019940986139511066716      -0.019940986139527903942        0.33154454302447411429       0.029595114274479604466       0.029595114274468443255
        0.12483651345404855881       0.011143452543639086744       0.011143452543648339759        0.24771991604593437963       0.022112561879497921735      -0.022112561879505453905        0.36672765401521401074       0.032735712460176751015       0.032735712460170970917
        0.13724480543893619044       0.012251070892267495321       0.012251070892283369776        0.27189215933678723136       0.024270281912953051151      -0.024270281912949710074        0.40139376869429183037       0.035830161296574326857       0.035830161296577830998
        0.14963159722140739749       0.013356770038901918593       0.013356770038926281050        0.29589403530480296034       0.026412794214911942264      -0.026412794214901797601        0.43549401631734846463       0.038874098367543477583       0.038874098367553899802
        0.16199494833799785165       0.014460376769293618870       0.014460376769331314412        0.31971050440135428961       0.028538756289565092583      -0.028538756289550513967        0.46898032387419552602       0.041863232466185118508       0.041863232466201140414
        0.17433292199736083461       0.015561718196992761071       0.015561718197041888440        0.34332664325355199963       0.030646836011454910154      -0.030646836011438426811        0.50180548386000345396       0.044793349644389204856       0.044793349644410805632
        0.18664358538367697982       0.016660621790410327925       0.016660621790474425957        0.36672765401521401074       0.032735712460188047535      -0.032735712460170478255        0.53392322082633880687       0.047660319153474912934       0.047660319153499788869
        0.19892500995944109587       0.017756915399868605093       0.017756915399946272133        0.38989887363917902219       0.034804076748115288231      -0.034804076748100820637        0.56528825661823134396       0.050460099267528826794       0.050460099267556193792
        0.21117527176757874829       0.018850427284555416885       0.018850427284644165338        0.41282578306515549382       0.036850632840491275022      -0.036850632840481060970        0.59585637420529879993       0.053188742981254664988       0.053188742981284460598
        0.22339245173284560941       0.019940986139429503488       0.019940986139528164151        0.43549401631734846463       0.038874098367557993750      -0.038874098367553233668        0.62558448001694721974       0.055842403574287338697       0.055842403574317529824
        0.23557463596246180915       0.021028421122063378768       0.021028421122167916674        0.45788936950616432320       0.040873205428085347679      -0.040873205428082183543        0.65443066469376798278       0.058417340034122522408       0.058417340034152144546
        0.24771991604593437963       0.022112561879395368353       0.022112561879505738399        0.47999780972835187631       0.042846701383823355969      -0.042846701383820288977        0.68235426216948480427       0.060909922330030757953       0.060909922330061129492
        0.25982638935402080360       0.023193238574429366622       0.023193238574543834085        0.50180548386000345396       0.044793349644414559574      -0.044793349644409855004        0.70931590700016355910       0.063316636530515002512       0.063316636530549780248
        0.27189215933678723136       0.024270281912828952503       0.024270281912949942527        0.52329872723690729064       0.046711930442231507088      -0.046711930442228759286        0.73527758985986124696       0.065634089757103275531       0.065634089757139274512
        0.28391533582071415420       0.025343523169450234839       0.025343523169578441312        0.54446407221681125677       0.048601241596697236647      -0.048601241596695647640        0.76020271112448045692       0.067859014967458969325       0.067859014967496078530
        0.29589403530480296034       0.026412794214768352263       0.026412794214902075157        0.56528825661823134396       0.050460099267556873803      -0.050460099267555055813        0.78405613246828975704       0.069988275561124607682       0.069988275561162091587
        0.30782638125563760445       0.027477927541210381279       0.027477927541350314483        0.58575823203052057586       0.052287338696673138494      -0.052287338696669925786        0.80680422640036975057       0.072018869801356452665       0.072018869801395171693
        0.31971050440135428961       0.028538756289410296269       0.028538756289550680501        0.60586117198998812317       0.054081814937863056936      -0.054081814937858629921        0.82841492367115221462       0.073947935046843354945       0.073947935046883184196
        0.33154454302447411429       0.029595114274328780668       0.029595114274468072024        0.62558448001694721974       0.055842403574324420146      -0.055842403574315989390        0.84885775848221933781       0.075772751787328715412       0.075772751787368280985
        0.34332664325355199963       0.030646836011301928360       0.030646836011438593345        0.64491579750865557497       0.057568001423184599064      -0.057568001423172386610        0.86810391143562959382       0.077490747477453256198       0.077490747477491891959
        0.35505495935359626669       0.031693756741962328394       0.031693756742093667778        0.66384301148320146169       0.059257527226760697836      -0.059257527226746313509        0.88612625016222090757       0.079099500163417019172       0.079099500163453753676
        0.36672765401521401074       0.032735712460046723082       0.032735712460170519889        0.68235426216948480427       0.060909922330073078267      -0.060909922330059415585        0.90289936757161703973       0.080596741897343240901       0.080596741897374923891
        0.37834289864243642043       0.033772539937089757212       0.033772539937204783256        0.70043795043853673832       0.062524151344201334135      -0.062524151344188927393        0.91839961767001065951       0.081980361934521558953       0.081980361934550216585
        0.38989887363917902219       0.034804076747997875207       0.034804076748100931660        0.71808274507152081156       0.064099202795046592018      -0.064099202795040582936        0.93260514889523304927       0.083248409709055726236       0.083248409709080775642
        0.40139376869429183037       0.035830161296484655531       0.035830161296577338337        0.73527758985986124696       0.065634089757137414889      -0.065634089757137650811        0.94549593492211281287       0.084399097583676183087       0.084399097583696430780
        0.41282578306515549382       0.036850632840403525770       0.036850632840481158115        0.75201171053305215786       0.067127850472025005213      -0.067127850472026656670        0.95705380289469721422       0.085430803369874894204       0.085430803369885663368
        0.42419312585977791974       0.037865331516910821774       0.037865331516969621961        0.76827462150980241340       0.068579548950912602723      -0.068579548950915225625        0.96726245904553487254       0.086342072614781037454       0.086342072614786102847
        0.43549401631734846463       0.038874098367514743624       0.038874098367553303057        0.78405613246828975704       0.069988275561154875137      -0.069988275561160301352        0.97610751166590348227       0.087131620651608107653       0.087131620651606317418
        0.44672668408720384026       0.039876775362977859296       0.039876775362998391483        0.79934635473140436268       0.071353147596234095529      -0.071353147596244489992        0.98357649139459968346       0.087798334410697689845       0.087798334410692666085
        0.45788936950616432320       0.040873205428077978574       0.040873205428082266810        0.81413570746298336012       0.072673309828862941995      -0.072673309828877444283        0.98965886879668896192       0.088341273988692334274       0.088341273988684632101
        0.46898032387419552602       0.041863232466210334448       0.041863232466200502035        0.82841492367115221462       0.073947935046865254094      -0.073947935046881380083        0.99434606920743418002       0.088759673973561353799       0.088759673973549085835
        0.47999780972835187631       0.042846701383846767797       0.042846701383820448572        0.84217505601501108092       0.075176224571506092276      -0.075176224571520511297        0.99763148482047603327       0.089052944523642763031       0.089052944523623694950
        0.49094010111496066973       0.043823458114820627862       0.043823458114777433248        0.85540748241102826377       0.076357408757942321631      -0.076357408757953354472        0.99951048400322373144       0.089220672199173359229       0.089220672199150266590
        0.50180548386000345396       0.044793349644465109416       0.044793349644410125621        0.86810391143562959382       0.077490747477480567684      -0.077490747477490143358        0.99998041782632485219       0.089262620545149676254       0.089262620545122892124
        0.51259225583764977952       0.045756224033598816292       0.045756224033531092688        0.88025638752059287562       0.078575530581345184866      -0.078575530581357036497        0.99904062379800773197       0.089178730424664454102       0.089178730424631758034
        0.52329872723690729064       0.046711930442309396172       0.046711930442229113170        0.89185729593800033843       0.079611078345660613031      -0.079611078345674879397        0.99669242679803249363       0.088969120102271412320       0.088969120102231930014
        0.53392322082633880687       0.047660319153590258168       0.047660319153499039468        0.90289936757161703973       0.080596741897357604412      -0.080596741897373161412        0.99293913720993531857       0.088634085077262475538       0.088634085077219440518
        0.54446407221681125677       0.048601241596798142042       0.048601241596696008462        0.91337568347171160799       0.081531903620762471996      -0.081531903620773477082        0.98778604625419641483       0.088174097667098591535       0.088174097667049478044
        0.55491963012223177731       0.049534550370914934292       0.049534550370809629638        0.92327967919046238787       0.082415977544577551095      -0.082415977544585863890        0.98124041852891363824       0.087589806341536805001       0.087589806341483653074
        0.56528825661823134396       0.050460099267666140566       0.050460099267555437452        0.93260514889523304927       0.083248409709076251484      -0.083248409709079193575        0.97331148176849557885       0.086882034808464098097       0.086882034808407129778
        0.57556832739875529725       0.051377743294397273943       0.051377743294279069886        0.94134624925714005528       0.084028678513192220367      -0.084028678513190041555        0.96401041383481211877       0.086051780852660519905       0.086051780852601081340
        0.58575823203052057586       0.052287338696795963855       0.052287338696670591920        0.94949750311247682610       0.084756295041364740350      -0.084756295041359355769        0.95335032695914367906       0.085100214929172607325       0.085100214929111142603
        0.59585637420529879993       0.053188742981415779165       0.053188742981283718136        0.95705380289469721422       0.085430803369893476562      -0.085430803369883956400        0.94134624925714016630       0.084028678513253018956       0.084028678513190763200
        0.60586117198998812317       0.054081814937993910597       0.054081814937859219727        0.96401041383481211877       0.086051780852614834227      -0.086051780852600262550        0.92801510354285443594       0.082838682209208674978       0.082838682209150277247
        0.61577105807443188734       0.054966414661580927092       0.054966414661445715806        0.97036297692818984650       0.086618838385730201335      -0.086618838385712493277        0.91337568347171171901       0.081531903620825948997       0.081531903620773865660
        0.62558448001694721974       0.055842403574450465154       0.055842403574316724912        0.97610751166590348227       0.087131620651627536556      -0.087131620651604693717        0.89744862704605199433       0.080110184986353485947       0.080110184986308230481
        0.63529990048752382759       0.056709644447806024925       0.056709644447679501134        0.98124041852891363824       0.087589806341507744913      -0.087589806341482695506        0.88025638752059309766       0.078575530581394076313       0.078575530581357105886
        0.64491579750865557497       0.057568001423288814311       0.057568001423173122133        0.98575848124352272173       0.087993108356728896857      -0.087993108356705929118        0.86182320174883242370       0.076930103893372472901       0.076930103893343523835
        0.65443066469376798278       0.058417340034253459335       0.058417340034151270245        0.98965886879668896192       0.088341273988701063402      -0.088341273988683105545        0.84217505601501108092       0.075176224571537900165       0.075176224571520608442
        0.66384301148320146169       0.059257527226837365675       0.059257527226747062910        0.99293913720993520755       0.088634085077236801631      -0.088634085077218358051        0.82133964939980708131       0.073316365156843407713       0.073316365156834165107
        0.67315136337771708241       0.060088431380796475390       0.060088431380717219343        0.99559723107074393766       0.088871358147227977331      -0.088871358147211559908        0.79934635473140447370       0.071353147596244656525       0.071353147596244267947
        0.68235426216948480427       0.060909922330130969459       0.060909922330060407847        0.99763148482047603327       0.089052944523637600494      -0.089052944523622293294        0.77622617717699116113       0.069289339546417708093       0.069289339546421149785
        0.69145026617052107731       0.061721871383472709516       0.061721871383409225575        0.99904062379800773197       0.089178730424642041474      -0.089178730424630384133        0.75201171053305237990       0.067127850472020231254       0.067127850472026212580
        0.70043795043853673832       0.062524151344246006734       0.062524151344190009860        0.99982376503843228832       0.089248637032937450098      -0.089248637032931024682        0.72673709127608998593       0.064871727544069182625       0.064871727544078397476
        0.70931590700016355910       0.063316636530599074151       0.063316636530549350037        0.99998041782632485219       0.089262620545123572136      -0.089262620545121712512        0.70043795043853684934       0.062524151344176617795       0.062524151344188344526
        0.71808274507152081156       0.064099202795087475981       0.064099202795042012348        0.99951048400322373144       0.089220672199147088577      -0.089220672199149225756        0.67315136337771708241       0.060088431380704861173       0.060088431380715623398
        0.72673709127608954184       0.064871727544119586750       0.064871727544080465266        0.99841425802913663645       0.089122818279792445639      -0.089122818279800120056        0.64491579750865579701       0.057568001423162970531       0.057568001423171609454
        0.73527758985986124696       0.065634089757175648194       0.065634089757139121857        0.99669242679803249363       0.088969120102217996715      -0.088969120102230944691        0.61577105807443177632       0.054966414661438388334       0.054966414661444217005
        0.74370290290372309538       0.066386170005744399303       0.066386170005713215914        0.99434606920743418002       0.088759673973526923008      -0.088759673973547642545        0.58575823203052046484       0.052287338696666664506       0.052287338696668857196
        0.75201171053305215786       0.067127850472053496311       0.067127850472028169349        0.99137665548238285140       0.088494611132434244927      -0.088494611132460265779        0.55491963012223177731       0.049534550370808727582       0.049534550370808075326
        0.76020271112448045692       0.067859014967512759631       0.067859014967495884241        0.98778604625419641483       0.088174097667024664560      -0.088174097667048548232        0.52329872723690784575       0.046711930442223964510       0.046711930442227482529
        0.76827462150980241340       0.068579548950926008666       0.068579548950916696670        0.98357649139459968346       0.087798334410672418393      -0.087798334410691153407        0.49094010111496089177       0.043823458114771486616       0.043823458114775844241
        0.77622617717699093909       0.069289339546422828997       0.069289339546423120431        0.97875062860595807290       0.087367556816210251158      -0.087367556816224115068        0.45788936950616460075       0.040873205428073385026       0.040873205428080636170
        0.78405613246828975704       0.069988275561154625337       0.069988275561161994442        0.97331148176849557885       0.086882034808397304304      -0.086882034808406088944        0.42419312585977825281       0.037865331516956132751       0.037865331516967852543
        0.79176326077535374992       0.070676247502701461389       0.070676247502714048543        0.96726245904553498356       0.086342072614780510098      -0.086342072614784173834        0.38989887363917896668       0.034804076748080330084       0.034804076748099189997
        0.79934635473140436268       0.071353147596231708549       0.071353147596246321860        0.96060735074794645350       0.085748008575065717829      -0.085748008575064746384        0.35505495935359632220       0.031693756742066696297       0.031693756742091912237
        0.80680422640036975057       0.072018869801384569063       0.072018869801395282715        0.95335032695914367906       0.085100214929116471674      -0.085100214929110198914        0.31971050440135440063       0.028538756289517686060       0.028538756289548952716
        0.81413570746298336012       0.072673309828871768268       0.072673309828879317784        0.94549593492211292389       0.084399097583703536207      -0.084399097583694390745        0.28391533582071437625       0.025343523169541377210       0.025343523169576630261
        0.82133964939980674824       0.073316365156830334837       0.073316365156836205141        0.93704909619011678146       0.083645095858170578906      -0.083645095858161669367        0.24771991604593421310       0.022112561879465131992       0.022112561879503899592
        0.82841492367115221462       0.073947935046878326970       0.073947935046883350729        0.92801510354285443594       0.082838682209155509173      -0.082838682209149541724        0.21117527176757866503       0.018850427284601008887       0.018850427284642399389
        0.83536042189387582635       0.074567920559890241150       0.074567920559899150690        0.91839961767001065951       0.081980361934551979064      -0.081980361934548232061        0.17433292199736130645       0.015561718196996423072       0.015561718197040268208
        0.84217505601501108092       0.075176224571514987938       0.075176224571522759499        0.90820866362427543628       0.081070672856885572788      -0.081070672856881603741        0.13724480543893674556       0.012251070892238957386       0.012251070892281844954
        0.84885775848221933781       0.075772751787358066933       0.075772751787368752829        0.89744862704605199433       0.080110184986312407696      -0.080110184986307703126       0.099963207267031450876      0.0089231525734305445346      0.0089231525734728613791
        0.85540748241102826377       0.076357408757938949329       0.076357408757955561041        0.88612625016222124064       0.079099500163455391255      -0.079099500163451672008       0.062540685418133221130      0.0055826547915889613086      0.0055826547916253792259
        0.86182320174883242370       0.076930103893323234510       0.076930103893345522237        0.87424862756147048160       0.078039251682297541834      -0.078039251682292781753       0.025029996496651319565      0.0022342868316847707896      0.0022342868317181069707
        0.86810391143562959382       0.077490747477463983728       0.077490747477492197270        0.86182320174883242370       0.076930103893346910016      -0.076930103893343010357      -0.012515978598993240944     -0.0011172309262722065950     -0.0011172309262438250010
        0.87424862756147037057       0.078039251682260682430       0.078039251682295238122        0.84885775848221944884       0.075772751787367850773      -0.075772751787366060539      -0.050044309225501543148     -0.0044671736618323428999     -0.0044671736618102078284
        0.88025638752059287562       0.078575530581319025236       0.078575530581359021021        0.83536042189387604839       0.074567920559895708998      -0.074567920559896513910      -0.087502089613962649728     -0.0078108187749441043007     -0.0078108187749272410538
        0.88612625016222090757       0.079099500163405528363       0.079099500163454031232        0.82133964939980708131       0.073316365156833804284      -0.073316365156833707140       -0.12483651345404830901      -0.011143452543660788134      -0.011143452543648827216
        0.89185729593800033843       0.079611078345626112851       0.079611078345676947188        0.80680422640037008364       0.072018869801395032915      -0.072018869801392645935       -0.16199494833799796267      -0.014460376769338466676      -0.014460376769331678704
        0.89744862704605188330       0.080110184986260157824       0.080110184986309951327        0.79176326077535386094       0.070676247502719405369      -0.070676247502711467274       -0.19892500995944112363      -0.017756915399950719964      -0.017756915399946546219
        0.90289936757161703973       0.080596741897328114113       0.080596741897375395736        0.77622617717699116113       0.069289339546433820205      -0.069289339546420594673       -0.23557463596246136506      -0.021028421122169942831      -0.021028421122168083207
        0.90820866362427554730       0.081070672856837819320       0.081070672856883907453        0.76020271112448045692       0.067859014967508277105      -0.067859014967493372361       -0.27189215933678712034      -0.024270281912945886743      -0.024270281912950109060
        0.91337568347171160799       0.081531903620727319559       0.081531903620775558750        0.74370290290372331743       0.066386170005721639731      -0.066386170005710717912       -0.30782638125563738241      -0.027477927541337300588      -0.027477927541350428975
        0.91839961767001065951       0.081980361934499645926       0.081980361934550535774        0.72673709127608998593       0.064871727544087529060      -0.064871727544077870120       -0.34332664325355172208      -0.030646836011422175922      -0.030646836011438704367
        0.92327967919046238787       0.082415977544532573185       0.082415977544588056580        0.70931590700016378115       0.063316636530554859519      -0.063316636530547004691       -0.37834289864243614288      -0.033772539937182738390      -0.033772539937204915095
        0.92801510354285432491       0.082838682209092157072       0.082838682209151928704        0.69145026617052107731       0.061721871383413499934      -0.061721871383407143907       -0.41282578306515543831      -0.036850632840454311534      -0.036850632840481241381
        0.93260514889523304927       0.083248409709015022684       0.083248409709081289121        0.67315136337771708241       0.060088431380717628738      -0.060088431380715172370       -0.44672668408720372923      -0.039876775362966562777      -0.039876775362998564955
        0.93704909619011678146       0.083645095858093071461       0.083645095858164195124        0.65443066469376820482       0.058417340034150236350      -0.058417340034149362049       -0.47999780972835165427      -0.042846701383783915296      -0.042846701383820622044
        0.94134624925714005528       0.084028678513121193849       0.084028678513192275878        0.63529990048752416065       0.056709644447673367151      -0.056709644447677544365       -0.51259225583765000156      -0.045756224033488973602      -0.045756224033531092688
        0.94549593492211281287       0.084399097583624252406       0.084399097583696749969        0.61577105807443177632       0.054966414661437951183      -0.054966414661443724343       -0.54446407221681136779      -0.048601241596650142374      -0.048601241596695973768
        0.94949750311247682610       0.084756295041289952952       0.084756295041361229270        0.59585637420529879993       0.053188742981278722133      -0.053188742981281580957       -0.57556832739875507521      -0.051377743294232128268      -0.051377743294278951924
        0.95335032695914356804       0.085100214929039949552       0.085100214929112460993        0.57556832739875563032       0.051377743294275642072      -0.051377743294277064545       -0.60586117198998767908      -0.054081814937811160948      -0.054081814937859115644
        0.95705380289469721422       0.085430803369814969916       0.085430803369885940923        0.55491963012223177731       0.049534550370802989117      -0.049534550370807610420       -0.63529990048752371656      -0.056709644447630810915      -0.056709644447679279089
        0.96060735074794645350       0.085748008574998674236       0.085748008575066828052        0.53392322082633902891       0.047660319153489894006      -0.047660319153496978617       -0.66384301148320135066      -0.059257527226699663325      -0.059257527226746882498
        0.96401041383481211877       0.086051780852539894173       0.086051780852602274829        0.51259225583764977952       0.045756224033517464700      -0.045756224033528983264       -0.69145026617052085527      -0.061721871383363789698      -0.061721871383408836997
        0.96726245904553487254       0.086342072614731923963       0.086342072614786227747        0.49094010111496089177       0.043823458114758663540      -0.043823458114775407091       -0.71808274507152081156      -0.064099202795002557798      -0.064099202795041262948
        0.97036297692818984650       0.086618838385670041125       0.086618838385714436168        0.46898032387419547051       0.041863232466178589009      -0.041863232466198399551       -0.74370290290372309538      -0.066386170005678354911      -0.066386170005712452635
        0.97331148176849546783       0.086882034808374364321       0.086882034808408198368        0.44672668408720395128       0.039876775362976957240      -0.039876775362996386143       -0.76827462150980208033      -0.068579548950886581871      -0.068579548950915836247
        0.97610751166590348227       0.087131620651579061443       0.087131620651606456196        0.42419312585977825281       0.037865331516950019586      -0.037865331516967352943       -0.79176326077535363890      -0.070676247502686126434      -0.070676247502713132609
        0.97875062860595796188       0.087367556816205713122       0.087367556816225891425        0.40139376869429227446       0.035830161296562565432      -0.035830161296575131769       -0.81413570746298347114      -0.072673309828854407155      -0.072673309828878276950
        0.98124041852891363824       0.087589806341471260209       0.087589806341484610641        0.37834289864243630941       0.033772539937199121118      -0.033772539937202708527       -0.83536042189387560430      -0.074567920559879097286      -0.074567920559898012711
        0.98357649139459968346       0.087798334410685643925       0.087798334410692971397        0.35505495935359632220       0.031693756742094465750      -0.031693756742091537537       -0.85540748241102837479      -0.076357408757940156696      -0.076357408757954423062
        0.98575848124352272173       0.087993108356709703877       0.087993108356707927520        0.33154454302447439185       0.029595114274473484361      -0.029595114274465941784       -0.87424862756147048160      -0.078039251682283525269      -0.078039251682294155654
        0.98778604625419630381       0.088174097667059414540       0.088174097667050435612        0.30782638125563804854       0.027477927541360438329      -0.027477927541348125262       -0.89185729593800033843      -0.079611078345669272771      -0.079611078345676045132
        0.98965886879668896192       0.088341273988703616915       0.088341273988684840268        0.28391533582071437625       0.025343523169595882222      -0.025343523169576200049       -0.90820866362427554730      -0.081070672856883796431      -0.081070672856882811108
        0.99137665548238285140       0.088494611132492809191       0.088494611132461917236        0.25982638935402074809       0.023193238574564779136      -0.023193238574541596292       -0.92327967919046260992      -0.082415977544597063265      -0.082415977544586974113
        0.99293913720993520755       0.088634085077259186503       0.088634085077220051141        0.23557463596246200344       0.021028421122187352515      -0.021028421122165616430       -0.93704909619011644839      -0.083645095858179030479      -0.083645095858162890612
        0.99434606920743418002       0.088759673973595840102       0.088759673973549169101        0.21117527176757866503       0.018850427284663382604      -0.018850427284641872033       -0.94949750311247660406      -0.084756295041386681133      -0.084756295041360230069
        0.99559723107074393766       0.088871358147268042504       0.088871358147213072587        0.18664358538367714635       0.016660621790492907701      -0.016660621790472212450       -0.96060735074794645350      -0.085748008575102535600      -0.085748008575065759462
        0.99669242679803249363       0.088969120102294046992       0.088969120102232124303        0.16199494833799815696       0.014460376769345232098      -0.014460376769329121721       -0.97036297692818962446      -0.086618838385760385523      -0.086618838385713436967
        0.99763148482047603327       0.089052944523698010504       0.089052944523623722706        0.13724480543893674556       0.012251070892297663897      -0.012251070892281262087       -0.97875062860595796188      -0.087367556816284955290      -0.087367556816225044880
        0.99841425802913663645       0.089122818279884788439       0.089122818279801202523        0.11240866509834114562       0.010034088507931922252      -0.010034088507919250097       -0.98575848124352272173      -0.087993108356781118973      -0.087993108356706886686
        0.99904062379800773197       0.089178730424720395464       0.089178730424631771911       0.087502089613962899528      0.0078108187749313887777     -0.0078108187749247144291       -0.99137665548238285140      -0.088494611132545461518      -0.088494611132461084568
        0.99951048400322373144       0.089220672199244496769       0.089220672199150322101       0.062540685418133221130      0.0055826547916257929574     -0.0055826547916248336553       -0.99559723107074393766      -0.088871358147303278208      -0.088871358147212448086
        0.99982376503843228832       0.089248637033027128362       0.089248637032932148783       0.037540093298793444920      0.0033509927230757916364     -0.0033509927230785277290       -0.99841425802913663645      -0.089122818279897902949      -0.089122818279800689045
        0.99998041782632485219       0.089262620545218246404       0.089262620545122628446       0.012515978598993487275      0.0011172309262316570001     -0.0011172309262412556587       -0.99982376503843228832      -0.089248637033030264742      -0.089248637032931676938
        0.99998041782632485219       0.089262620545212528755       0.089262620545122614568      -0.012515978598993240944     -0.0011172309262601741193      0.0011172309262445525007       -0.99982376503843228832      -0.089248637033030125965      -0.089248637032931676938
        0.99982376503843228832       0.089248637033014180386       0.089248637032932176538      -0.037540093298792751031     -0.0033509927231023888504      0.0033509927230819334248       -0.99841425802913663645      -0.089122818279896418026      -0.089122818279800564145
        0.99951048400322373144       0.089220672199224193566       0.089220672199150141690      -0.062540685418132971329     -0.0055826547916519283013      0.0055826547916281469772       -0.99559723107074404869      -0.088871358147297893626      -0.088871358147212226042
        0.99904062379800773197       0.089178730424701438406       0.089178730424631508233      -0.087502089613962649728     -0.0078108187749510787565      0.0078108187749280416287       -0.99137665548238285140      -0.088494611132536066256      -0.088494611132460793135
        0.99841425802913663645       0.089122818279868523672       0.089122818279800800068       -0.11240866509834089582      -0.010034088507939839530       0.010034088507922559949       -0.98575848124352283275      -0.087993108356770335932      -0.087993108356706456474
        0.99763148482047603327       0.089052944523686602962       0.089052944523623167594       -0.13724480543893607942      -0.012251070892299140147       0.012251070892284637859       -0.97875062860595807290      -0.087367556816276739640      -0.087367556816224378746
        0.99669242679803249363       0.088969120102291826546       0.088969120102231458169       -0.16199494833799796267      -0.014460376769341587444       0.014460376769332452390       -0.97036297692818973548      -0.086618838385752780495      -0.086618838385712743078
        0.99559723107074404869       0.088871358147269138850       0.088871358147212267675       -0.18664358538367692431      -0.016660621790479356041       0.016660621790475525772       -0.96060735074794645350      -0.085748008575090947647      -0.085748008575064968428
        0.99434606920743418002       0.088759673973602973285       0.088759673973548045001       -0.21117527176757844298      -0.018850427284640831199       0.018850427284645109027       -0.94949750311247671508      -0.084756295041370957599      -0.084756295041359175357
        0.99293913720993531857       0.088634085077269358921       0.088634085077218857651       -0.23557463596246136506      -0.021028421122158566514       0.021028421122168808322       -0.93704909619011689248      -0.083645095858162016311      -0.083645095858161822022
        0.99137665548238285140       0.088494611132502037920       0.088494611132460598846       -0.25982638935402097013      -0.023193238574532024088       0.023193238574544809000       -0.92327967919046238787      -0.082415977544576940472      -0.082415977544585752868
        0.98965886879668896192       0.088341273988715079968       0.088341273988683549634       -0.28391533582071415420      -0.025343523169566960912       0.025343523169579437043       -0.90820866362427565832      -0.081070672856864006706      -0.081070672856881659252
        0.98778604625419641483       0.088174097667069725737       0.088174097667048853544       -0.30782638125563738241      -0.027477927541341796991       0.027477927541351306745       -0.89185729593800089354      -0.079611078345652452892      -0.079611078345674629597
        0.98575848124352283275       0.087993108356715685203       0.087993108356706303819       -0.33154454302447378122      -0.029595114274462687443       0.029595114274469081633       -0.87424862756147070364      -0.078039251682265484145      -0.078039251682292767875
        0.98357649139459968346       0.087798334410685380247       0.087798334410691292184       -0.35505495935359610016      -0.031693756742088699530       0.031693756742094625345       -0.85540748241102859684      -0.076357408757917438757      -0.076357408757952979772
        0.98124041852891363824       0.087589806341461726169       0.087589806341482973062       -0.37834289864243614288      -0.033772539937202437910       0.033772539937205775518       -0.83536042189387638146      -0.074567920559857628349      -0.074567920559896680444
        0.97875062860595807290       0.087367556816188823854       0.087367556816224337113       -0.40139376869429166383      -0.035830161296578004471       0.035830161296578226515       -0.81413570746298369318      -0.072673309828833826396      -0.072673309828877027949
        0.97610751166590348227       0.087131620651559812951       0.087131620651604888006       -0.42419312585977803076      -0.037865331516973119164       0.037865331516970489323       -0.79176326077535397197      -0.070676247502662034594      -0.070676247502711855852
        0.97331148176849557885       0.086882034808355462774       0.086882034808406505277       -0.44672668408720372923      -0.039876775363001416841       0.039876775362999425378       -0.76827462150980296851      -0.068579548950858909562      -0.068579548950914517857
        0.97036297692818984650       0.086618838385658161738       0.086618838385712562666       -0.46898032387419524847      -0.041863232466201993898       0.041863232466201320825       -0.74370290290372342845      -0.066386170005651140569      -0.066386170005711064857
        0.96726245904553498356       0.086342072614729536983       0.086342072614784340367       -0.49094010111496028115      -0.043823458114777696926       0.043823458114778293671       -0.71808274507152081156      -0.064099202794976731234      -0.064099202795039861291
        0.96401041383481211877       0.086051780852546444489       0.086051780852600179283       -0.51259225583765000156      -0.045756224033530405737       0.045756224033531758821       -0.69145026617052141038      -0.061721871383340641548      -0.061721871383407393707
        0.96060735074794645350       0.085748008575007805820       0.085748008575064760262       -0.53392322082633880687      -0.047660319153496118194       0.047660319153499823563       -0.66384301148320157271      -0.059257527226678298471      -0.059257527226745362881
        0.95705380289469721422       0.085430803369826349702       0.085430803369883678844       -0.55491963012223155527      -0.049534550370799616814       0.049534550370810268016       -0.63529990048752427167      -0.056709644447606677442      -0.056709644447677780288
        0.95335032695914367906       0.085100214929048151324       0.085100214929110046258       -0.57556832739875507521      -0.051377743294260688756       0.051377743294279611119       -0.60586117198998823419      -0.054081814937785077646      -0.054081814937857478065
        0.94949750311247682610       0.084756295041292659120       0.084756295041358828413       -0.59585637420529857788      -0.053188742981259369558       0.053188742981284065081       -0.57556832739875529725      -0.051377743294207266211      -0.051377743294277418429
        0.94549593492211292389       0.084399097583625931618       0.084399097583694196456       -0.61577105807443155427      -0.054966414661418661058       0.054966414661446139078       -0.54446407221681170086      -0.048601241596627736685      -0.048601241596694363944
        0.94134624925714016630       0.084028678513116336624       0.084028678513189639099       -0.63529990048752371656      -0.056709644447652245158       0.056709644447679889712       -0.51259225583764989054      -0.045756224033466755263      -0.045756224033529524498
        0.93704909619011678146       0.083645095858087423202       0.083645095858161461200       -0.65443066469376809380      -0.058417340034128593940       0.058417340034151617190       -0.47999780972835159876      -0.042846701383761627568      -0.042846701383818998343
        0.93260514889523304927       0.083248409709005100066       0.083248409709078610708       -0.67315136337771697139      -0.060088431380700350892       0.060088431380717448327       -0.44672668408720406230      -0.039876775362945683645      -0.039876775362996989827
        0.92801510354285443594       0.082838682209074990248       0.082838682209149208657       -0.69145026617052085527      -0.061721871383400281341       0.061721871383409357414       -0.41282578306515532729      -0.036850632840435278148      -0.036850632840479721763
        0.92327967919046249889       0.082415977544515156561       0.082415977544585419801       -0.70931590700016322604      -0.063316636530547837358       0.063316636530549280648       -0.37834289864243603185      -0.033772539937166549950      -0.033772539937203485683
        0.91839961767001065951       0.081980361934481132957       0.081980361934548023894       -0.72673709127608965286      -0.064871727544089749506       0.064871727544080201588       -0.34332664325355288781      -0.030646836011409460399      -0.030646836011437330466
        0.91337568347171171901       0.081531903620713622183       0.081531903620773005237       -0.74370290290372309538      -0.066386170005728550869       0.066386170005713049380       -0.30782638125563810405      -0.027477927541326052641      -0.027477927541349086299
        0.90820866362427543628       0.081070672856831837993       0.081070672856881312307       -0.76020271112448056794      -0.067859014967515160488       0.067859014967495648318       -0.27189215933678828607      -0.024270281912930999346      -0.024270281912948783731
        0.90289936757161715075       0.080596741897331888871       0.080596741897372661811       -0.77622617717699060602      -0.069289339546445283258       0.069289339546422745730       -0.23557463596246258630      -0.021028421122152772538      -0.021028421122166702367
        0.89744862704605199433       0.080110184986271537610       0.080110184986307175770       -0.79176326077535363890      -0.070676247502736877504       0.070676247502713590576       -0.19892500995944145670      -0.017756915399939385281      -0.017756915399945193135
        0.89185729593800067150       0.079611078345643099263       0.079611078345674185508       -0.80680422640036930648      -0.072018869801414767129       0.072018869801394783114       -0.16199494833799873983      -0.014460376769333536592      -0.014460376769330322150
        0.88612625016222124064       0.079099500163421612720       0.079099500163451158530       -0.82133964939980630415      -0.073316365156855967111       0.073316365156835719419       -0.12483651345404910005      -0.011143452543656520715      -0.011143452543647481071
        0.88025638752059309766       0.078575530581327351909       0.078575530581356176074       -0.83536042189387560430      -0.074567920559919106949       0.074567920559898567823      -0.087502089613963024428     -0.0078108187749405455155     -0.0078108187749258818980
        0.87424862756147048160       0.078039251682262902876       0.078039251682292254397       -0.84885775848221922679      -0.075772751787391443012       0.075772751787367892407      -0.050044309225502348060     -0.0044671736618310756844     -0.0044671736618088339274
        0.86810391143562959382       0.077490747477458710168       0.077490747477489158035       -0.86182320174883242370      -0.076930103893369766732       0.076930103893344856103      -0.012515978598993608706     -0.0011172309262706913140     -0.0011172309262424506664
        0.86182320174883242370       0.076930103893312756780       0.076930103893342607901       -0.87424862756147048160      -0.078039251682318649950       0.078039251682294655255       0.025029996496650951804      0.0022342868316850747999      0.0022342868317194401057
        0.85540748241102848581       0.076357408757927819343       0.076357408757952577316       -0.88612625016222090757      -0.079099500163467353908       0.079099500163453503876       0.062540685418132402340      0.0055826547915856731402      0.0055826547916267505248
        0.84885775848221944884       0.075772751787345063446       0.075772751787365547060       -0.89744862704605188330      -0.080110184986313365263       0.080110184986309271316       0.099963207267031076175      0.0089231525734269605959      0.0089231525734741797690
        0.84217505601501108092       0.075176224571501887306       0.075176224571519595363       -0.90820866362427554730      -0.081070672856880063306       0.081070672856883241320        0.13724480543893638473       0.012251070892234532106       0.012251070892283151201
        0.83536042189387604839       0.074567920559879513620       0.074567920559896069821       -0.91839961767001043746      -0.081980361934543402591       0.081980361934549897396        0.17433292199736050154       0.015561718196987425061       0.015561718197041485984
        0.82841492367115243667       0.073947935046865462261       0.073947935046880394760       -0.92801510354285421389      -0.082838682209142436297       0.082838682209151345837        0.21117527176757874829       0.018850427284588112953       0.018850427284643603287
        0.82133964939980708131       0.073316365156823257165       0.073316365156833332439       -0.93704909619011644839      -0.083645095858153203916       0.083645095858163501235        0.24771991604593390779       0.022112561879451299307       0.022112561879505110429
        0.81413570746298358216       0.072673309828870172322       0.072673309828876583860       -0.94549593492211259083      -0.084399097583684648538       0.084399097583696305880        0.28391533582071404318       0.025343523169526045724       0.025343523169577795995
        0.80680422640037008364       0.072018869801389107099       0.072018869801392396135       -0.95335032695914345702      -0.085100214929100928551       0.085100214929111878126        0.31971050440135451165       0.028538756289502996422       0.028538756289550003958
        0.79934635473140447370       0.071353147596244809181       0.071353147596243421402       -0.96060735074794645350      -0.085748008575058570768       0.085748008575066383963        0.35505495935359598914       0.031693756742052568709       0.031693756742092842049
        0.79176326077535386094       0.070676247502716102455       0.070676247502711217474       -0.96726245904553487254      -0.086342072614781745221       0.086342072614785825291        0.38989887363917907770       0.034804076748063392244       0.034804076748100112870
        0.78405613246828975704       0.069988275561167115346       0.069988275561159232763       -0.97331148176849557885      -0.086882034808401648052       0.086882034808407795912        0.42419312585977753116       0.037865331516934594425       0.037865331516968685210
        0.77622617717699116113       0.069289339546426673144       0.069289339546420206095       -0.97875062860595796188      -0.087367556816214247961       0.087367556816225627747        0.45788936950616349053       0.040873205428051680166       0.040873205428081302304
        0.76827462150980263544       0.068579548950920998784       0.068579548950913851724       -0.98357649139459968346      -0.087798334410676526218       0.087798334410692610574        0.49094010111496022564       0.043823458114751231984       0.043823458114776413230
        0.76020271112448045692       0.067859014967500227988       0.067859014967493053172       -0.98778604625419641483      -0.088174097667031423042       0.088174097667049991522        0.52329872723690717962       0.046711930442201329838       0.046711930442227982130
        0.75201171053305237990       0.067127850472038216867       0.067127850472025366035       -0.99137665548238285140      -0.088494611132441780565       0.088494611132461653558        0.55491963012223111118       0.049534550370782019779       0.049534550370808456965
        0.74370290290372331743       0.066386170005731423571       0.066386170005710454234       -0.99434606920743418002      -0.088759673973531724722       0.088759673973549085835        0.58575823203052024279       0.052287338696639686086       0.052287338696669231897
        0.73527758985986158002       0.065634089757163269208       0.065634089757136332421       -0.99669242679803238261      -0.088969120102221604940       0.088969120102232221448        0.61577105807443188734       0.054966414661414705889       0.054966414661444411294
        0.72673709127608998593       0.064871727544115825870       0.064871727544077661953       -0.99841425802913663645      -0.089122818279795595897       0.089122818279801313546        0.64491579750865513088       0.057568001423141022810       0.057568001423171699660
        0.71808274507152070054       0.064099202795084797568       0.064099202795039347813       -0.99951048400322373144      -0.089220672199151557225       0.089220672199150460879        0.67315136337771686037       0.060088431380682025273       0.060088431380715734420
        0.70931590700016378115       0.063316636530600073351       0.063316636530546879791       -0.99998041782632485219      -0.089262620545129872651       0.089262620545123155802        0.70043795043853629423       0.062524151344152706367       0.062524151344188441670
        0.70043795043853684934       0.062524151344250974982       0.062524151344187872681       -0.99982376503843228832      -0.089248637032942626512       0.089248637032932801039        0.72673709127608931979       0.064871727544042454006       0.064871727544078591765
        0.69145026617052107731       0.061721871383478330020       0.061721871383407116152       -0.99904062379800773197      -0.089178730424643554153       0.089178730424632146612        0.75201171053305215786       0.067127850471989949921       0.067127850472026323603
        0.68235426216948502631       0.060909922330141870461       0.060909922330058312301       -0.99763148482047603327      -0.089052944523639959717       0.089052944523623986384        0.77622617717699049500       0.069289339546390174562       0.069289339546421233051
        0.67315136337771708241       0.060088431380809347038       0.060088431380715089103       -0.99559723107074404869      -0.088871358147231183100       0.088871358147213141976        0.79934635473140414064       0.071353147596221966342       0.071353147596244267947
        0.66384301148320146169       0.059257527226847454827       0.059257527226744967364       -0.99293913720993520755      -0.088634085077238203287       0.088634085077219898485        0.82133964939980674824       0.073316365156820662019       0.073316365156834095718
        0.65443066469376820482       0.058417340034259523929       0.058417340034149153882       -0.98965886879668907294      -0.088341273988701021769       0.088341273988684604346        0.84217505601501085888       0.075176224571513794448       0.075176224571520511297
        0.64491579750865579701       0.057568001423287759599       0.057568001423171040465       -0.98575848124352283275      -0.087993108356725330266       0.087993108356707427919        0.86182320174883242370       0.076930103893348422694       0.076930103893343454446
        0.63529990048752416065       0.056709644447795602706       0.056709644447677488854       -0.98124041852891386029      -0.087589806341500348053       0.087589806341484222063        0.88025638752059309766       0.078575530581369901206       0.078575530581356994864
        0.62558448001694755281       0.055842403574434436309       0.055842403574314622428       -0.97610751166590370431      -0.087131620651622346263       0.087131620651605942718        0.89744862704605177228       0.080110184986330920665       0.080110184986307883537
        0.61577105807443177632       0.054966414661561491251       0.054966414661443717404       -0.97036297692818973548      -0.086618838385727509044       0.086618838385713881056        0.91337568347171171901       0.081531903620805479260       0.081531903620773588104
        0.60586117198998812317       0.054081814937976840918       0.054081814937857318470       -0.96401041383481222979      -0.086051780852611448047       0.086051780852601664207        0.92801510354285388082       0.082838682209187095018       0.082838682209150041325
        0.59585637420529879993       0.053188742981404121823       0.053188742981281775246       -0.95705380289469721422      -0.085430803369889479759       0.085430803369885260912        0.94134624925713983323       0.084028678513229940195       0.084028678513190416255
        0.58575823203052046484       0.052287338696792397263       0.052287338696668517191       -0.94949750311247671508      -0.084756295041364185239       0.084756295041360452114        0.95335032695914334600       0.085100214929155218457       0.085100214929110643003
        0.57556832739875563032       0.051377743294399598473       0.051377743294277168629       -0.94134624925714027732      -0.084028678513197299638       0.084028678513191318311        0.96401041383481189673       0.086051780852647141717       0.086051780852600692762
        0.56528825661823145499       0.050460099267675431745       0.050460099267553619462       -0.93260514889523304927      -0.083248409709087908825       0.083248409709080470331        0.97331148176849535680       0.086882034808450886443       0.086882034808406713444
        0.55491963012223177731       0.049534550370926765106       0.049534550370807985120       -0.92327967919046238787      -0.082415977544594551385       0.082415977544587307180        0.98124041852891352722       0.087589806341524162336       0.087589806341483375518
        0.54446407221681158983       0.048601241596807349954       0.048601241596694370883       -0.91337568347171194105      -0.081531903620783385822       0.081531903620774864860        0.98778604625419619278       0.088174097667087419916       0.088174097667049117222
        0.53392322082633902891       0.047660319153601540809       0.047660319153497505973       -0.90289936757161726177      -0.080596741897383056275       0.080596741897374660213        0.99293913720993520755       0.088634085077251900664       0.088634085077219246229
        0.52329872723690784575       0.046711930442316779155       0.046711930442227524163       -0.89185729593800089354      -0.079611078345688007785       0.079611078345676156154        0.99669242679803249363       0.088969120102261808891       0.088969120102231499803
        0.51259225583764977952       0.045756224033604048218       0.045756224033529475925       -0.88025638752059287562      -0.078575530581369887329       0.078575530581358229987        0.99904062379800762095       0.089178730424658167464       0.089178730424631286189
        0.50180548386000323191       0.044793349644468211102       0.044793349644408592125       -0.86810391143562948280      -0.077490747477498692075       0.077490747477491336848        0.99998041782632485219       0.089262620545146401096       0.089262620545122364768
        0.49094010111496089177       0.043823458114816082887       0.043823458114776024652       -0.85540748241102859684      -0.076357408757954436940       0.076357408757954631229        0.99951048400322373144       0.089220672199170431016       0.089220672199149864134
        0.47999780972835187631       0.042846701383839842781       0.042846701383819005282       -0.84217505601501119195      -0.075176224571512725858       0.075176224571521718665        0.99763148482047603327       0.089052944523641971997       0.089052944523623153716
        0.46898032387419547051       0.041863232466196685644       0.041863232466199093440       -0.82841492367115221462      -0.073947935046868459863       0.073947935046882573573        0.99434606920743418002       0.088759673973565156313       0.088759673973548502968
        0.45788936950616460075       0.040873205428061720745       0.040873205428080885970       -0.81413570746298369318      -0.072673309828860319093       0.072673309828878512873        0.98965886879668907294       0.088341273988698995612       0.088341273988683938212
        0.44672668408720395128       0.039876775362963204352       0.039876775362997052277       -0.79934635473140458473      -0.071353147596225699467       0.071353147596245544704        0.98357649139459990550       0.087798334410701756036       0.087798334410691861174
        0.43549401631734885321       0.038874098367506430829       0.038874098367552054056       -0.78405613246829031215      -0.069988275561143148407       0.069988275561161369942        0.97610751166590370431       0.087131620651609550943       0.087131620651605581895
        0.42419312585977825281       0.037865331516910918919       0.037865331516968324388       -0.76827462150980296851      -0.068579548950898863713       0.068579548950916197070        0.96726245904553498356       0.086342072614786186113       0.086342072614785311813
        0.41282578306515560485       0.036850632840410790791       0.036850632840479909114       -0.75201171053305249092      -0.067127850472010100469       0.067127850472027572604        0.95705380289469721422       0.085430803369884317222       0.085430803369884830700
        0.40139376869429227446       0.035830161296498130863       0.035830161296576179542       -0.73527758985986202411      -0.065634089757123592612       0.065634089757138608379        0.94549593492211270185       0.084399097583690199653       0.084399097583695598113
        0.38989887363917896668       0.034804076748009657449       0.034804076748099800620       -0.71808274507152081156      -0.064099202795031229307       0.064099202795041568259        0.93260514889523282722       0.083248409709072462848       0.083248409709080081753
        0.37834289864243630941       0.033772539937100699847       0.033772539937203770177       -0.70043795043853662730      -0.062524151344182835044       0.062524151344189968227        0.91839961767001099258       0.081980361934536033486       0.081980361934549578207
        0.36672765401521417727       0.032735712460052482364       0.032735712460169555382       -0.68235426216948513733      -0.060909922330057438000       0.060909922330060498052        0.90289936757161726177       0.080596741897355828055       0.080596741897374438168
        0.35505495935359632220       0.031693756741962265944       0.031693756742092731027       -0.66384301148320157271      -0.059257527226751330329       0.059257527226747326587        0.88612625016222112961       0.079099500163433492106       0.079099500163453184687
        0.34332664325355194412       0.030646836011300328945       0.030646836011437667002       -0.64491579750865546394      -0.057568001423180123477       0.057568001423173406628        0.86810391143562948280       0.077490747477471991211       0.077490747477491322970
        0.33154454302447439185       0.029595114274324270387       0.029595114274467152621       -0.62558448001694766383      -0.055842403574327272031       0.055842403574316856751        0.84885775848221911577       0.075772751787346798169       0.075772751787367614851
        0.31971050440135440063       0.028538756289403062472       0.028538756289549806200       -0.60586117198998823419      -0.054081814937874832239       0.054081814937859476466        0.82841492367115177053       0.073947935046862728337       0.073947935046882379284
        0.30782638125563804854       0.027477927541203168299       0.027477927541349443652       -0.58575823203052124200      -0.052287338696693400064       0.052287338696670709881        0.80680422640037008364       0.072018869801377310980       0.072018869801394422292
        0.29589403530480329341       0.026412794214757402689       0.026412794214901197387       -0.56528825661823189908      -0.050460099267584213045       0.050460099267555687252        0.78405613246828986806       0.069988275561144813741       0.069988275561161258920
        0.28391533582071437625       0.025343523169439934051       0.025343523169577587828       -0.54446407221681170086      -0.048601241596726137140       0.048601241596696299896        0.76020271112448034589       0.067859014967480854597       0.067859014967495190351
        0.27189215933678773096       0.024270281912821760339       0.024270281912949137615       -0.52329872723690828984      -0.046711930442256244245       0.046711930442229397664        0.73527758985986091389       0.065634089757129560061       0.065634089757138455723
        0.25982638935402074809       0.023193238574424374088       0.023193238574543008357       -0.50180548386000334293      -0.044793349644432337020       0.044793349644410312971        0.70931590700016300399       0.063316636530538539240       0.063316636530548781048
        0.24771991604593421310       0.022112561879399895981       0.022112561879504950835       -0.47999780972835159876      -0.042846701383834485954       0.042846701383820767761        0.68235426216948646960       0.060909922330049152961       0.060909922330060227436
        0.23557463596246200344       0.021028421122073929356       0.021028421122167129109       -0.45788936950616471178      -0.040873205428089053048       0.040873205428082558244        0.65443066469376942607       0.058417340034140646798       0.058417340034151110650
        0.22339245173284566492       0.019940986139444259045       0.019940986139527428628       -0.43549401631734857565      -0.038874098367552810396       0.038874098367553587552        0.62558448001694844098       0.055842403574308141501       0.055842403574316509807
        0.21117527176757866503       0.018850427284569527125       0.018850427284643450632       -0.41282578306515532729      -0.036850632840474219221       0.036850632840481310770        0.59585637420529968811       0.053188742981276342092       0.053188742981283468336
        0.19892500995944131792       0.017756915399879707324       0.017756915399945661510       -0.38989887363917952179      -0.034804076748090169435       0.034804076748101195338        0.56528825661823201010       0.050460099267549782254       0.050460099267555361124
        0.18664358538367714635       0.016660621790414168603       0.016660621790473825743       -0.36672765401521428830      -0.032735712460160888704       0.032735712460170769689        0.53392322082633925096       0.047660319153495139810       0.047660319153499011713
        0.17433292199736130645       0.015561718196988580387       0.015561718197041333328       -0.34332664325355288781      -0.030646836011430939745       0.030646836011438714775        0.50180548386000500827       0.044793349644408710086       0.044793349644410049293
        0.16199494833799815696       0.014460376769285774451       0.014460376769330792260       -0.31971050440135495574      -0.028538756289546569206       0.028538756289550808870        0.46898032387419685829       0.041863232466204040871       0.041863232466200453463
        0.14963159722140761954       0.013356770038890051350       0.013356770038925793592       -0.29589403530480340443      -0.026412794214899310008       0.026412794214902075157        0.43549401631734951934       0.038874098367560741552       0.038874098367553261424
        0.13724480543893674556       0.012251070892259531206       0.012251070892282901401       -0.27189215933678828607      -0.024270281912947597180       0.024270281912949897424        0.40139376869429255201       0.035830161296589370379       0.035830161296577164864
        0.12483651345404853106       0.011143452543632420201       0.011143452543647888731       -0.24771991604593432412      -0.022112561879502463241       0.022112561879505589213        0.36672765401521445483       0.032735712460189046735       0.032735712460170277027
        0.11240866509834114562       0.010034088507909783711       0.010034088507920821756       -0.22339245173284538737      -0.019940986139526002685       0.019940986139527924759        0.33154454302447422531       0.029595114274491043233       0.029595114274467704263
       0.099963207267031450876      0.0089231525734686945733      0.0089231525734738605798       -0.19892500995944145670      -0.017756915399941949202       0.017756915399946022333        0.29589403530480440363       0.026412794214932262815       0.026412794214901565149
       0.087502089613962899528      0.0078108187749231566474      0.0078108187749262461899       -0.17433292199736100114      -0.015561718197036684269       0.015561718197041621292        0.25982638935402185831       0.023193238574578785294       0.023193238574543289382
       0.075027264246183042462      0.0066972613658820845384      0.0066972613658808606910       -0.14963159722140731422      -0.013356770038921824545       0.013356770038926013902        0.22339245173284635881       0.019940986139563698226       0.019940986139527584753
       0.062540685418133221130      0.0055826547916292667412      0.0055826547916263272522       -0.12483651345404910005      -0.011143452543648008427       0.011143452543648055264        0.18664358538367736839       0.016660621790508263473       0.016660621790473843090
       0.050044309225501792948      0.0044671736618134092606      0.0044671736618091591881      -0.099963207267031575776     -0.0089231525734764262359      0.0089231525734739924188        0.14963159722140742525       0.013356770038956721977       0.013356770038925764102
       0.037540093298793444920      0.0033509927230870139962      0.0033509927230800863780      -0.075027264246184055541     -0.0066972613658837863021      0.0066972613658809569681        0.11240866509834269993       0.010034088507945298704       0.010034088507920790531
       0.025029996496651319565      0.0022342868317266305345      0.0022342868317190346140      -0.050044309225502348060     -0.0044671736618122964355      0.0044671736618092355159       0.075027264246184166563      0.0066972613658984603280      0.0066972613658808398743
       0.012515978598993487275      0.0011172309262485211143      0.0011172309262428125731      -0.025029996496651444465     -0.0022342868317217394816      0.0022342868317190827526       0.037540093298793680843      0.0033509927230920013262      0.0033509927230801019905
