      Analytical-1:             Jacobi-1:               ARMADILLO-1:        Analytical-2:             Jacobi-2:               ARMADILLO-2:       Analytical-3:             Jacobi-3:               ARMADILLO-3:
       0.013599548961509940609      0.0012654165577041091330     -0.0012654165577226210177       0.027196582600977663863     -0.0025305990687021617108     -0.0025305990687006971705       0.040788586061585571652      0.0037953135294997919144      0.0037953135294784045087
       0.027196582600977663863      0.0025305990686650945733     -0.0025305990687008016876       0.054373045416879248193     -0.0050593260231711553732     -0.0050593260231683902239       0.081509283547063160480      0.0075843101341858815134      0.0075843101341432966542
       0.040788586061585571652      0.0037953135294204968370     -0.0037953135294785402508       0.081509283547063160480     -0.0075843101341486031733     -0.0075843101341432541534        0.12209431687415985002       0.011360683403141436792       0.011360683403079186241
       0.054373045416879248193      0.0050593260230934198121     -0.0050593260231686322179        0.10858522184874534744      -0.010103683441291533285      -0.010103683441287069841        0.16247613626020579458       0.015118147935748697461       0.015118147935667035353
       0.067947448135733987118      0.0063224027626229062013     -0.0063224027627171146965        0.13558082978840785282      -0.012615582135086950491      -0.012615582135083394308        0.20258753015208094683       0.018850449803114351088       0.018850449803013358957
       0.081509283547063160480      0.0075843101340259972548     -0.0075843101341436288537        0.16247613626020579458      -0.015118147935668697218      -0.015118147935666957291        0.24236173709321232050       0.022551376957114361438       0.022551376956997763734
       0.095056043304182658016      0.0088448147396113247637     -0.0088448147397498060041        0.18925124436041018683      -0.017609529467564111194      -0.017609529467562227284        0.28173255684142967104       0.026214769569746391303       0.026214769569613875777
        0.10858522184874534744       0.010103683441124597375      -0.010103683441287579850        0.21588634610695697780      -0.020087883629315989031      -0.020087883629314053080        0.32063446055273547852       0.029834530285542955330       0.029834530285395045868
        0.12209431687415985002       0.011360683402897425384      -0.011360683403079708392        0.24236173709321232050      -0.022551376956995671658      -0.022551376956997683937        0.35900269984759863862       0.033404634370019795075       0.033404634369861123389
        0.13558082978840785282       0.012615582134886499724      -0.012615582135084063911        0.26865783106511392786      -0.024998186980593230244      -0.024998186980598614826        0.39677341457824244486       0.036919139737260041334       0.036919139737094090747
        0.14904226617617441497       0.013868147535687087510      -0.013868147535894149308        0.29475517441090415272      -0.027426503572253731894      -0.027426503572259182395        0.43388373911755812040       0.040372196839924164025       0.040372196839753751729
        0.16247613626020579458       0.015118147935458388018      -0.015118147935667763937        0.32063446055273547852      -0.029834530285392662358      -0.029834530285394976479        0.47027190699273679897       0.043758058405240919664       0.043758058405072061681
        0.17587995536180925371       0.016365352138766140616      -0.016365352138975775009        0.34627654422950149282      -0.032220485683688723788      -0.032220485683689736867        0.50587735368946817882       0.047071089000786978107       0.047071089000621443854
        0.18925124436041018683       0.017609529467348918746      -0.017609529467563146687        0.37166245566032751757      -0.034582604658985445500      -0.034582604658985556523        0.54064081745559755543       0.050305774414098315683       0.050305774413935813727
        0.20258753015208094683       0.018850449802792015180      -0.018850449803014295708        0.39677341457824244486      -0.036919139737096311193      -0.036919139737093986664        0.57450443793646333024       0.053456730830531609677       0.053456730830373021257
        0.21588634610695697780       0.020087883629082946280      -0.020087883629315093914        0.42159084412364994376      -0.039228362370568502226      -0.039228362370561785377        0.60741185247774742706       0.056518713794097702463       0.056518713793943201051
        0.22914523252545548893       0.021321602075059887388      -0.021321602075303102558        0.44609638458732020494      -0.041508564217446246303      -0.041508564217434387733        0.63930828993555144368       0.059486626936338202198       0.059486626936188134740
        0.24236173709321232050       0.022551376956749847463      -0.022551376956998814977        0.47027190699273679897      -0.043758058405086654175      -0.043758058405071749430        0.67014066183755949258       0.062355530458724356402       0.062355530458583219300
        0.25553341533465306901       0.023776980819551297996      -0.023776980819809858531        0.49409952650774863203      -0.045975180778098576062      -0.045975180778081867206        0.69985765074356176552       0.065120649354474535730       0.065120649354345430670
        0.26865783106511392786       0.024998186980335214413      -0.024998186980599808316        0.51756161567560698966      -0.048158291129463813574      -0.048158291129447160228        0.72840979565826902142       0.067777381356073709839       0.067777381355959870346
        0.28173255684142967104       0.026214769569340705402      -0.026214769569615024164        0.54064081745559755543      -0.050305774413954104651      -0.050305774413935258615        0.75574957435425826890       0.070321304595297270956       0.070321304595200459508
        0.29475517441090415272       0.027426503571978476381      -0.027426503572260379354        0.56332005806362195344      -0.052416041942915839180      -0.052416041942894592287        0.78183148246802969261       0.072748184962974166146       0.072748184962893133743
        0.30772327515858177716       0.028633164870436125099      -0.028633164870717413980        0.58558255960322846967      -0.054487532559572462998      -0.054487532559551993261        0.80661210923753001723       0.075053983156238512908       0.075053983156172718316
        0.32063446055273547852       0.029834530285122437543      -0.029834530285396211602        0.60741185247774742706      -0.056518713793957425784      -0.056518713793942354506        0.83005020975508048142       0.077234861401555568450       0.077234861401504054101
        0.33348634258849063627       0.031030377615952672160      -0.031030377616213671715        0.62879178757434939229      -0.058508082996623703154      -0.058508082996615605464        0.85210677361545639208       0.079287189842315849986       0.079287189842276659113
        0.34627654422950149282       0.032220485683448214786      -0.032220485683691055256        0.64970654821101225807      -0.060454168450287663894      -0.060454168450283424230        0.87274508984485610341       0.081207552580370448436       0.081207552580343372872
        0.35900269984759863862       0.033404634369636733437      -0.033404634369862386267        0.67014066183755949258      -0.062355530458582754394      -0.062355530458582365816        0.89193080800269375352       0.082992753361458462824       0.082992753361445528726
        0.37166245566032751757       0.034582604658780123630      -0.034582604658986826340        0.69007901148211192588      -0.064210762411142291439      -0.064210762411148342155        0.90963199535451833011       0.084639820895066344986       0.084639820895063250239
        0.38425347016629440855       0.035754178677869119518      -0.035754178678056990071        0.70950684693448673457      -0.066018491824200165041      -0.066018491824213904051        0.92581919002089796411       0.086146013799828377588       0.086146013799834705860
        0.39677341457824244486       0.036919139736920354722      -0.036919139737095520160        0.72840979565826902142      -0.067777381355942481478      -0.067777381355959023801        0.94046545001381154361       0.087508825166299333831       0.087508825166314460620
        0.40921997325377540422       0.038077272369069797842      -0.038077272369233750027        0.74677387342348366950      -0.069486129795849144175      -0.069486129795865297920        0.95354639807892760395       0.088725986729457653746       0.088725986729477915316
        0.42159084412364994376       0.039228362370402072856      -0.039228362370563416017        0.76458549465200220663      -0.071143473027321074698      -0.071143473027338671733        0.96504026226913985909       0.089795472643999216245       0.089795472644023530129
        0.43388373911755812040       0.040372196839591728557      -0.040372196839755299103        0.78183148246802969261      -0.072748184962874176684      -0.072748184962892536998        0.97492791218182361934       0.090715502856164031975       0.090715502856193577785
        0.44609638458732020494       0.041508564217273252739      -0.041508564217436164090        0.79849907844623868591      -0.074299078451178057758      -0.074299078451195030293        0.98319289079950300536       0.091484546066464597636       0.091484546066496794103
        0.45822652172741035193       0.042637254325156546952      -0.042637254325318396653        0.81457595205033561658      -0.075795006155300451156      -0.075795006155313399132        0.98982144188093268422       0.092101322278373753960       0.092101322278405742261
        0.47027190699273679897       0.043758058404918712125      -0.043758058405073581298        0.83005020975508048142      -0.077234861401495227828      -0.077234861401503318579        0.99480253285700404042       0.092564804928754573776       0.092564804928784744087
        0.48223031251359949056       0.044870769156796511123      -0.044870769156944004252        0.84491040384500859517      -0.078617578997913925565      -0.078617578997916687245        0.99812787319336682135       0.092874222596478053782       0.092874222596503200333
        0.49409952650774863203       0.045975180777947259603      -0.045975180778083740707        0.85914554088334615933      -0.079942136022620624569      -0.079942136022619819657        0.99979192818920648023       0.093029060286370340860       0.093029060286389603229
        0.50587735368946817882       0.047071089000504336142      -0.047071089000622942655        0.87274508984485610341      -0.081207552580345981896      -0.081207552580342290405        0.99979192818920648023       0.093029060286377682210       0.093029060286389603229
        0.51756161567560698966       0.048158291129353027193      -0.048158291129449151691        0.88569898990659412519      -0.082412892527404857379      -0.082412892527395129050        0.99812787319336693237       0.092874222596501437854       0.092874222596503241967
        0.52915015138848486842       0.049236586079623397005      -0.049236586079696255391        0.89799765789081453793      -0.083557264164238018167      -0.083557264164219990921        0.99480253285700404042       0.092564804928792432381       0.092564804928784452653
        0.54064081745559755543       0.050305774413891987673      -0.050305774413937236200        0.90963199535451833011      -0.084639820895085732255      -0.084639820895062195527        0.98982144188093268422       0.092101322278422437240       0.092101322278404992860
        0.55203148860604667192       0.051365658379047905713      -0.051365658379070776307        0.92059339532039863307      -0.085659761854294511063      -0.085659761854273708259        0.98319289079950300536       0.091484546066522828833       0.091484546066496072458
        0.56332005806362195344       0.052416041942897562134      -0.052416041942896916817        0.93087374864420413534      -0.086616332498803558226      -0.086616332498785642002        0.97492791218182361934       0.090715502856225344042       0.090715502856193133696
        0.57450443793646333024       0.053456730830389986853      -0.053456730830374762919        0.94046545001381154361      -0.087508825166334375245      -0.087508825166313516930        0.96504026226913997011       0.089795472644060209122       0.089795472644023321962
        0.58558255960322846967       0.054487532559579512914      -0.054487532559554671674        0.94936140357556475511      -0.088336579598899803156      -0.088336579598878417485        0.95354639807892760395       0.088725986729521158503       0.088725986729477526738
        0.59655237409569883411       0.055508256477213802071      -0.055508256477179045152        0.95755502818372462137      -0.089098983431276687628      -0.089098983431260853072        0.94046545001381154361       0.087508825166363601866       0.087508825166314266331
        0.60741185247774742706       0.056518713793984758087      -0.056518713793945074553        0.96504026226913985909      -0.089795472644031107401      -0.089795472644022406028        0.92581919002089807513       0.086146013799889967211       0.086146013799834511571
        0.61815898622060516665       0.057518717619464088120      -0.057518717619422107812        0.97181156832354165243      -0.090425531980765749829      -0.090425531980762086093        0.90963199535451833011       0.084639820895127032552       0.084639820895063264117
        0.62879178757434939229       0.058508082996665274067      -0.058508082996618450411        0.97786393699614126973      -0.090988695329299623671      -0.090988695329298499570        0.89193080800269397557       0.082992753361513224575       0.082992753361445473215
        0.63930828993555144368       0.059486626936241134012      -0.059486626936190244164        0.98319289079950300536      -0.091484546066494365490      -0.091484546066495683880        0.87274508984485610341       0.081207552580411623833       0.081207552580343136950
        0.64970654821101225807       0.060454168450351258857      -0.060454168450286414893        0.98779448742194808641      -0.091912717366473897784      -0.091912717366476465175        0.85210677361545661412       0.079287189842344063528       0.079287189842276450946
        0.65998463917751948316       0.061410528586104663751      -0.061410528586023888087        0.99166532264404194663      -0.092272892471989512164      -0.092272892471997727815        0.83005020975508070347       0.077234861401566615169       0.077234861401503915324
        0.67014066183755949258       0.062355530458684992057      -0.062355530458585668729        0.99480253285700404042      -0.092564804928769353620      -0.092564804928784022442        0.80661210923753012825       0.075053983156227868645       0.075053983156172676683
        0.68017273777091946663       0.063288999284058455874      -0.063288999283936678286        0.99720379718118012935      -0.092788238782632231905      -0.092788238782647941560        0.78183148246803013670       0.072748184962939582698       0.072748184962892981087
        0.69007901148211192588       0.064210762411293129115      -0.064210762411151700579        0.99886733918300796287      -0.092943028739238986446      -0.092943028739251407067        0.75574957435425837993       0.070321304595236819313       0.070321304595200070930
        0.69985765074356176552       0.065120649354507634254      -0.065120649354347970306        0.99979192818920648023      -0.093029060286377251998      -0.093029060286389145262        0.72840979565826913245       0.067777381355985794054       0.067777381355959551157
        0.70950684693448673457       0.066018491824391095646      -0.066018491824217276354        0.99997688019721697739      -0.093046269778689724705      -0.093046269778702631048        0.69985765074356209858       0.065120649354359724792       0.065120649354345222504
        0.71902481537541440559       0.066904123759339198529      -0.066904123759152764328        0.99942205838122177841      -0.092994644484756291969      -0.092994644484765881520        0.67014066183755949258       0.062355530458582754394       0.062355530458583059705
        0.72840979565826902142       0.067777381356160598669      -0.067777381355962562637        0.99812787319336693237      -0.092874222596497968407      -0.092874222596502853389        0.63930828993555144368       0.059486626936173694902       0.059486626936187975145
        0.73766005197197070942       0.068638103100373007437      -0.068638103100166325543        0.99609528206011332951      -0.092685093200932919255      -0.092685093200933890700        0.60741185247774776013       0.056518713793914203414       0.056518713793943034518
        0.74677387342348366950       0.069486129796082013454      -0.069486129795868725734        0.99332578867394127897      -0.092427396214272858344      -0.092427396214270277075        0.57450443793646355228       0.053456730830327668647       0.053456730830372757579
        0.75574957435425826890       0.070321304595419797945      -0.070321304595203235066        0.98982144188093268422      -0.092101322278412611766      -0.092101322278404743060        0.54064081745559733339       0.050305774413874793094       0.050305774413935605560
        0.76458549465200220663       0.071143473027558939981      -0.071143473027342155057        0.98558483416505293651      -0.091707112619887787286      -0.091707112619876768322        0.50587735368946840087       0.047071089000545497660       0.047071089000621242626
        0.77328000005773023240       0.071952483027280023098      -0.071952483027067415389        0.98061909973025496168      -0.091245058871426976133      -0.091245058871415402058        0.47027190699273690999       0.043758058404978268652       0.043758058405071756369
        0.78183148246802969261       0.072748184963112402790      -0.072748184962895617867        0.97492791218182361934      -0.090715502856204291438      -0.090715502856191773673        0.43388373911755823142       0.040372196839643076371       0.040372196839753363151
        0.79023836023249016680       0.073530431664972958905      -0.073530431664753648224        0.96851548180867574889      -0.090118836334955487732      -0.090118836334942414856        0.39677341457824255588       0.036919139736968469012       0.036919139737093674414
        0.79849907844623868591       0.074299078451431188608      -0.074299078451198125039        0.96138655246862680936      -0.089455500716158459218      -0.089455500716146274520        0.35900269984759869413       0.033404634369720152820       0.033404634369860748688
        0.80661210923753001723       0.075053983156419437628      -0.075053983156175396729        0.95354639807892760395      -0.088725986729488101612      -0.088725986729476014059        0.32063446055273592261       0.029834530285242185504       0.029834530285394615656
        0.81457595205033561658       0.075795006155565489148      -0.075795006155316341223        0.94500081871466856676      -0.087930834062777685212      -0.087930834062760768188        0.28173255684142961552       0.026214769569452057302       0.026214769569613338013
        0.82238913392188139895       0.076522010392010689217      -0.076522010391760666992        0.93575613631793608249      -0.087070630962746572989      -0.087070630962729586577        0.24236173709321223724       0.022551376956827514503       0.022551376956997149642
        0.83005020975508048142       0.077234861401752452625      -0.077234861401506510470        0.92581919002089807513      -0.086146013799844850523      -0.086146013799832540925        0.20258753015208127990       0.018850449802837513508       0.018850449803012748334
        0.83755776258581449145       0.077933427338524194350      -0.077933427338279612218        0.91519733108627543405      -0.085157666597468123504      -0.085157666597457951085        0.16247613626020562805       0.015118147935489800390       0.015118147935666369219
        0.84491040384500859517       0.078617578998168027860      -0.078617578997920170569        0.90389841746894450392      -0.084106320525911881791      -0.084106320525899821994        0.12209431687416009982       0.011360683402901671987       0.011360683403078462861
        0.85210677361545639208       0.079287189842524502525      -0.079287189842279254259        0.89193080800269397557      -0.082992753361457172190      -0.082992753361443585836       0.081509283547063368647      0.0075843101339688502593      0.0075843101341425030182
        0.85914554088334615933       0.079942136022861667866      -0.079942136022623289104        0.87930335621643429533      -0.081817788910987024331      -0.081817788910975200456       0.040788586061585738185      0.0037953135293066126744      0.0037953135294774729622
        0.86602540378443859659       0.080582296402768649468      -0.080582296402540526392        0.86602540378443881863      -0.080582296402548117542      -0.080582296402535669166     1.2246467991473532072E-16    -1.6890394147236105795E-13    -1.0307396685212667452E-15
        0.87274508984485610341       0.081207552580564695832      -0.081207552580345912507        0.85210677361545661412      -0.079287189842285790697      -0.079287189842274355400      -0.040788586061585488385     -0.0037953135296422686566     -0.0037953135294795468241
        0.87930335621643418431       0.081817788911192929069      -0.081817788910979974415        0.83755776258581471350      -0.077933427338284261277      -0.077933427338274824381      -0.081509283547063118847     -0.0075843101342998450395     -0.0075843101341445760127
        0.88569898990659412519       0.082412892527599090897      -0.082412892527398626252        0.82238913392188150997      -0.076522010391766245863      -0.076522010391755934666       -0.12209431687415941981      -0.011360683403224295859      -0.011360683403080570550
        0.89193080800269375352       0.082992753361633558873      -0.082992753361448207139        0.80661210923753012825      -0.075053983156182987879      -0.075053983156170345215       -0.16247613626020585009      -0.015118147935794478548      -0.015118147935668509868
        0.89799765789081453793       0.083557264164394753903      -0.083557264164223640779        0.79023836023249027782      -0.073530431664760420585      -0.073530431664748485687       -0.20258753015208061377      -0.018850449803121498149      -0.018850449803014927147
        0.90389841746894450392       0.084106320526060193710      -0.084106320525904526564        0.77328000005773034342      -0.071952483027069913391      -0.071952483027062155707       -0.24236173709321201519      -0.022551376957088534875      -0.022551376956999408252
        0.90963199535451833011       0.084639820895209258445      -0.084639820895066164574        0.75574957435425837993      -0.070321304595201153398      -0.070321304595197739462       -0.28173255684142983757      -0.026214769569684538003      -0.026214769569615516825
        0.91519733108627543405       0.085157666597590012114      -0.085157666597462752800        0.73766005197197070942      -0.068638103100160760550      -0.068638103100160774428       -0.32063446055273525648      -0.029834530285447424108      -0.029834530285396686916
        0.92059339532039863307       0.085659761854386312629      -0.085659761854277455262        0.71902481537541451662      -0.066904123759144423778      -0.066904123759147157702       -0.35900269984759852759      -0.033404634369896907264      -0.033404634369862733212
        0.92581919002089796411       0.086146013799926826615      -0.086146013799837384273        0.69985765074356209858      -0.065120649354338519532      -0.065120649354342502457       -0.39677341457824233384      -0.036919139737111736355      -0.036919139737095638121
        0.93087374864420413534       0.086616332498852907640      -0.086616332498789402883        0.68017273777091968867      -0.063288999283927616091      -0.063288999283931349216       -0.43388373911755800938      -0.040372196839752926001      -0.040372196839755271347
        0.93575613631793608249       0.087070630962772788131      -0.087070630962734568703        0.65998463917751937213      -0.061410528586013993224      -0.061410528586018746366       -0.47027190699273674346      -0.043758058405054332807      -0.043758058405073525787
        0.94046545001381154361       0.087508825166338830015      -0.087508825166317000255        0.63930828993555144368      -0.059486626936178663150      -0.059486626936185102443       -0.50587735368946784575      -0.047071089000585403239      -0.047071089000622762244
        0.94500081871466845573       0.087930834062771134896      -0.087930834062765264592        0.61815898622060538870      -0.057518717619412421116      -0.057518717619417111808       -0.54064081745559755543      -0.050305774413882953233      -0.050305774413937000278
        0.94936140357556475511       0.088336579598877057462      -0.088336579598881873054        0.59655237409569905616      -0.055508256477173618937      -0.055508256477174083843       -0.57450443793646333024      -0.053456730830304784174      -0.053456730830374228625
        0.95354639807892760395       0.088725986729457320679      -0.088725986729480135762        0.57450443793646355228      -0.053456730830372181651      -0.053456730830369801610       -0.60741185247774720501      -0.056518713793861120875      -0.056518713793944339030
        0.95755502818372462137       0.089098983431221204232      -0.089098983431264044963        0.55203148860604644987      -0.051365658379069971395      -0.051365658379065905204       -0.63930828993555122164      -0.059486626936094966211      -0.059486626936189057613
        0.96138655246862680936       0.089455500716087765767      -0.089455500716149605189        0.52915015138848509046      -0.049236586079697150509      -0.049236586079691134488       -0.67014066183755960360      -0.062355530458480960820      -0.062355530458584093600
        0.96504026226913985909       0.089795472643943871627      -0.089795472644025264852        0.50587735368946840087      -0.047071089000627924781      -0.047071089000617960529       -0.69985765074356165449      -0.065120649354233825501      -0.065120649354346249460
        0.96851548180867574889       0.090118836334844867886      -0.090118836334945773281        0.48223031251359960159      -0.044870769156952657053      -0.044870769156939056821       -0.72840979565826891040      -0.067777381355842603039      -0.067777381355960591991
        0.97181156832354165243       0.090425531980647746999      -0.090425531980764597972        0.45822652172741051846      -0.042637254325328721727      -0.042637254325313116154       -0.75574957435425837993      -0.070321304595080069699      -0.070321304595201195031
        0.97492791218182361934       0.090715502856060101222      -0.090715502856194854542        0.43388373911755823142      -0.040372196839764951104      -0.040372196839750108810       -0.78183148246802969261      -0.072748184962771189621      -0.072748184962893869265
        0.97786393699614126973       0.090988695329149660296      -0.090988695329300678383        0.40921997325377551524      -0.038077272369240390548      -0.038077272369228476467       -0.80661210923752968416      -0.075053983156054715487      -0.075053983156173495472
        0.98061909973025496168       0.091245058871249257182      -0.091245058871417761281        0.38425347016629446406      -0.035754178678061805663      -0.035754178678051876106       -0.83005020975508048142      -0.077234861401390422775      -0.077234861401504789624
        0.98319289079950300536       0.091484546066311164814      -0.091484546066497890449        0.35900269984759869413      -0.033404634369865571220      -0.033404634369857459653       -0.85210677361545672515      -0.079287189842167274390      -0.079287189842277408514
        0.98558483416505293651       0.091707112619679440058      -0.091707112619879016524        0.33348634258849108036      -0.031030377616212866804      -0.031030377616208748570       -0.87274508984485610341      -0.081207552580240663365      -0.081207552580344122273
        0.98779448742194808641       0.091912717366267909780      -0.091912717366478560721        0.30772327515858177716      -0.028633164870710065691      -0.028633164870712518590       -0.89193080800269364250      -0.082992753361350382613      -0.082992753361446472415
        0.98982144188093268422       0.092101322278191136150      -0.092101322278406685951        0.28173255684142961552      -0.026214769569601656385      -0.026214769569610073263       -0.90963199535451844113      -0.084639820894972822574      -0.084639820895064096784
        0.99166532264404194663       0.092272892471778722445      -0.092272892471999684583        0.25553341533465301350      -0.023776980819791744548      -0.023776980819804949263       -0.92581919002089796411      -0.086146013799750703610      -0.086146013799835316482
        0.99332578867394127897       0.092427396214045359768      -0.092427396214272122821        0.22914523252545579424      -0.021321602075283028338      -0.021321602075298266149       -0.94046545001381154361      -0.087508825166238035642      -0.087508825166314987976
        0.99480253285700404042       0.092564804928554456076      -0.092564804928785771043        0.20258753015208127990      -0.018850449802994360265      -0.018850449803009435013       -0.95354639807892760395      -0.088725986729409261899      -0.088725986729478331649
        0.99609528206011321849       0.092685093200702547978      -0.092685093200935639302        0.17587995536180953127      -0.016365352138955104044      -0.016365352138971105134       -0.96504026226913997011      -0.089795472643965743020      -0.089795472644023918707
        0.99720379718118012935       0.092788238782411783245      -0.092788238782649537506        0.14904226617617424844      -0.013868147535873951923      -0.013868147535889500249       -0.97492791218182339730      -0.090715502856148821920      -0.090715502856193813708
        0.99812787319336682135       0.092874222596261810092      -0.092874222596504324434        0.12209431687416009982      -0.011360683403062217176      -0.011360683403075198111       -0.98319289079950289434      -0.091484546066464111913      -0.091484546066496988392
        0.99886733918300796287       0.092943028739005770222      -0.092943028739253086279       0.095056043304182880060     -0.0088448147397374096701     -0.0088448147397453321522       -0.98982144188093268422      -0.092101322278383274123      -0.092101322278406033695
        0.99942205838122177841       0.092994644484514679683      -0.092994644484767310932       0.067947448135734181407     -0.0063224027627094021159     -0.0063224027627127180398       -0.99480253285700392940      -0.092564804928768354420      -0.092564804928785285321
        0.99979192818920648023       0.093029060286140552449      -0.093029060286390422019       0.040788586061585738185     -0.0037953135294760786782     -0.0037953135294742381366       -0.99812787319336693237      -0.092874222596489044990      -0.092874222596503741567
        0.99997688019721697739       0.093046269778451706767      -0.093046269778703907805       0.013599548961509633563     -0.0012654165577268194822     -0.0012654165577184249385       -0.99979192818920648023      -0.093029060286378237321      -0.093029060286390005685
        0.99997688019721697739       0.093046269778456980326      -0.093046269778703893927      -0.013599548961509831321      0.0012654165577119574557      0.0012654165577267073757       -0.99979192818920648023      -0.093029060286379555711      -0.093029060286389991807
        0.99979192818920648023       0.093029060286153694714      -0.093029060286390352630      -0.040788586061585488385      0.0037953135294616969532      0.0037953135294824689658       -0.99812787319336693237      -0.092874222596495165094      -0.092874222596503755445
        0.99942205838122177841       0.092994644484541061358      -0.092994644484767033377      -0.067947448135733931607      0.0063224027626972087446      0.0063224027627209146082       -0.99480253285700404042      -0.092564804928780566873      -0.092564804928785077154
        0.99886733918300796287       0.092943028739038868746      -0.092943028739252669945      -0.095056043304182186171      0.0088448147397281011439      0.0088448147397535478026       -0.98982144188093279524      -0.092101322278401745458      -0.092101322278405645116
        0.99812787319336693237       0.092874222596296962529      -0.092874222596503866467       -0.12209431687415941981       0.011360683403058262006       0.011360683403083418966       -0.98319289079950289434      -0.091484546066489258465      -0.091484546066496447159
        0.99720379718118012935       0.092788238782454915410      -0.092788238782648940761       -0.14904226617617447048       0.013868147535871256162       0.013868147535897611816       -0.97492791218182350832      -0.090715502856183530267      -0.090715502856193272474
        0.99609528206011332951       0.092685093200756421550      -0.092685093200934709490       -0.17587995536180930922       0.016365352138951780314       0.016365352138979060576       -0.96504026226914008113      -0.089795472644008542118      -0.089795472644023169306
        0.99480253285700404042       0.092564804928617280821      -0.092564804928784563676       -0.20258753015208061377       0.018850449802994512921       0.018850449803017404332       -0.95354639807892771497      -0.088725986729457126390      -0.088725986729477138160
        0.99332578867394127897       0.092427396214111057215      -0.092427396214270512997       -0.22914523252545515586       0.021321602075288031281       0.021321602075306096691       -0.94046545001381165463      -0.087508825166288939368      -0.087508825166313475297
        0.99166532264404194663       0.092272892471844086826      -0.092272892471997949859       -0.25553341533465279145       0.023776980819799443251       0.023776980819812682660       -0.92581919002089807513      -0.086146013799803272670      -0.086146013799833748292
        0.98982144188093268422       0.092101322278259414866      -0.092101322278404770816       -0.28173255684142983757       0.026214769569607110355       0.026214769569617699108       -0.90963199535451821909      -0.084639820895022671587      -0.084639820895062403694
        0.98779448742194808641       0.091912717366342128189      -0.091912717366476479053       -0.30772327515858199920       0.028633164870713073702       0.028633164870720120149       -0.89193080800269419761      -0.082992753361397844647      -0.082992753361444543403
        0.98558483416505293651       0.091707112619749800442      -0.091707112619876587911       -0.33348634258849046974       0.031030377616213796615       0.031030377616216173187       -0.87274508984485632546      -0.081207552580286890276      -0.081207552580342012849
        0.98319289079950300536       0.091484546066379179852      -0.091484546066495239791       -0.35900269984759852759       0.033404634369866785526       0.033404634369864787125       -0.85210677361545650310      -0.079287189842211017177      -0.079287189842275132556
        0.98061909973025496168       0.091245058871310125159      -0.091245058871415207769       -0.38425347016629424202       0.035754178678065594299       0.035754178678059161944       -0.83005020975508081449      -0.077234861401430723871      -0.077234861401502638567
        0.97786393699614126973       0.090988695329208876816      -0.090988695329298194259       -0.40921997325377568178       0.038077272369243755912       0.038077272369235699856       -0.80661210923753001723      -0.075053983156093073692      -0.075053983156171455438
        0.97492791218182361934       0.090715502856121635333      -0.090715502856192120618       -0.43388373911755800938       0.040372196839764111498       0.040372196839757172604       -0.78183148246802991466      -0.072748184962810019671      -0.072748184962891732086
        0.97181156832354165243       0.090425531980712292590      -0.090425531980761558737       -0.45822652172741029641       0.042637254325324877580       0.042637254325320013415       -0.75574957435425871299      -0.070321304595117206659      -0.070321304595198808052
        0.96851548180867574889       0.090118836334911411878      -0.090118836334942539756       -0.48223031251359937954       0.044870769156951435808       0.044870769156945732037       -0.72840979565826913245      -0.067777381355875548907      -0.067777381355958191134
        0.96504026226913997011       0.089795472644008694774      -0.089795472644021878672       -0.50587735368946784575       0.047071089000631401167       0.047071089000624510845       -0.69985765074356209858      -0.065120649354261983532      -0.065120649354343765336
        0.96138655246862680936       0.089455500716143998563      -0.089455500716146163498       -0.52915015138848486842       0.049236586079703201224       0.049236586079697657048       -0.67014066183755960360      -0.062355530458500563196      -0.062355530458581540088
        0.95755502818372462137       0.089098983431265543764      -0.089098983431259964894       -0.55203148860604667192       0.051365658379074329021       0.051365658379071935102       -0.63930828993555111062      -0.059486626936104472496      -0.059486626936186191850
        0.95354639807892760395       0.088725986729489753069      -0.088725986729475528336       -0.57450443793646333024       0.053456730830374339647       0.053456730830375567831       -0.60741185247774820422      -0.056518713793861308226      -0.056518713793941119383
        0.94936140357556475511       0.088336579598899234167      -0.088336579598877140729       -0.59655237409569850104       0.055508256477176526333       0.055508256477179732102       -0.57450443793646366331      -0.053456730830297415069      -0.053456730830370918772
        0.94500081871466856676       0.087930834062793006289      -0.087930834062760393488       -0.61815898622060494461       0.057518717619419332254       0.057518717619422642107       -0.54064081745559744441      -0.050305774413866251316      -0.050305774413933690425
        0.94046545001381154361       0.087508825166353304548      -0.087508825166312032007       -0.63930828993555122164       0.059486626936188204129       0.059486626936190500903       -0.50587735368946851189      -0.047071089000560908944      -0.047071089000619410758
        0.93575613631793608249       0.087070630962778727824      -0.087070630962729253510       -0.65998463917751959418       0.061410528586018142683       0.061410528586023888087       -0.47027190699273663244      -0.043758058405025959670      -0.043758058405070000829
        0.93087374864420424636       0.086616332498842832366      -0.086616332498783948912       -0.68017273777091946663       0.063288999283925354011       0.063288999283936442364       -0.43388373911755828694      -0.040372196839721659345      -0.040372196839751649244
        0.92581919002089807513       0.086146013799902762531      -0.086146013799832055202       -0.69985765074356165449       0.065120649354334980696       0.065120649354347609483       -0.39677341457824305548      -0.036919139737077957819      -0.036919139737092147857
        0.92059339532039863307       0.085659761854357960309      -0.085659761854272264969       -0.71902481537541429457       0.066904123759141842509       0.066904123759152264728       -0.35900269984759880515      -0.033404634369860713994      -0.033404634369859326215
        0.91519733108627543405       0.085157666597559175670      -0.085157666597457520874       -0.73766005197197048737       0.068638103100157360492       0.068638103100165784309       -0.32063446055273514546      -0.029834530285408087519      -0.029834530285393359716
        0.90963199535451833011       0.084639820895180489790      -0.084639820895060779993       -0.75574957435425837993       0.070321304595193881437       0.070321304595202555054       -0.28173255684142972655      -0.026214769569639372743      -0.026214769569612210443
        0.90389841746894450392       0.084106320526039390906      -0.084106320525899155860       -0.77328000005773045444       0.071952483027058838916       0.071952483027066985177       -0.24236173709321279235      -0.022551376957037450738      -0.022551376956996181666
        0.89799765789081453793       0.083557264164379974059      -0.083557264164218394975       -0.79023836023249038885       0.073530431664745682374       0.073530431664753315157       -0.20258753015208183501      -0.018850449803067534371      -0.018850449803011815053
        0.89193080800269397557       0.082992753361616378172      -0.082992753361442933580       -0.80661210923752968416       0.075053983156168943558       0.075053983156175077540       -0.16247613626020621092      -0.015118147935737857174      -0.015118147935665472367
        0.88569898990659423621       0.082412892527575415391      -0.082412892527393089015       -0.82238913392188106588       0.076522010391757544490       0.076522010391760306169       -0.12209431687415979451      -0.011360683403165984864      -0.011360683403077597234
        0.87930335621643429533       0.081817788911158900733      -0.081817788910974215133       -0.83755776258581426941       0.077933427338277544427       0.077933427338278862817      -0.081509283547063493547     -0.0075843101342426720232     -0.0075843101341416972391
        0.87274508984485610341       0.081207552580529432373      -0.081207552580340111592       -0.85210677361545672515       0.079287189842275104801       0.079287189842278338325      -0.040788586061585412057     -0.0037953135295899563355     -0.0037953135294767318016
        0.86602540378443881863       0.080582296402727182638      -0.080582296402534822621       -0.86602540378443837454       0.080582296402537625934       0.080582296402539624336    -2.4492935982947064143E-16    -1.2210152063100588366E-13     1.7101036847806128988E-15
        0.85914554088334638138       0.079942136022815607488      -0.079942136022617474311       -0.87930335621643396227       0.081817788910982555683       0.081817788910978975214       0.040788586061584926334      0.0037953135293469506331      0.0037953135294801548447
        0.85210677361545661412       0.079287189842477706625      -0.079287189842273259055       -0.89193080800269364250       0.082992753361454438266       0.082992753361447110794       0.081509283547062993946      0.0075843101340009539194      0.0075843101341450747457
        0.84491040384500870619       0.078617578998126255718      -0.078617578997914022709       -0.90389841746894439289       0.084106320525909925023       0.084106320525903138785        0.12209431687416016921       0.011360683402928237543       0.011360683403081007700
        0.83755776258581471350       0.077933427338487723524      -0.077933427338273658647       -0.91519733108627532303       0.085157666597468595349       0.085157666597461309510        0.16247613626020571131       0.015118147935513101196       0.015118147935668811710
        0.83005020975508070347       0.077234861401717133655      -0.077234861401500792821       -0.92581919002089796411       0.086146013799846224424       0.086146013799836149150        0.20258753015208047499       0.018850449802857098536       0.018850449803015170008
        0.82238913392188150997       0.076522010391976105770      -0.076522010391755157510       -0.93575613631793597147       0.087070630962746795034       0.087070630962733264191        0.24236173709321146008       0.022551376956842481697       0.022551376956999536622
        0.81457595205033583863       0.075795006155540384229      -0.075795006155310706841       -0.94500081871466834471       0.087930834062777796234       0.087930834062764168246        0.28173255684142933797       0.026214769569462684218       0.026214769569615603562
        0.80661210923753012825       0.075053983156408266009      -0.075053983156169568058       -0.95354639807892760395       0.088725986729492431482       0.088725986729479164317        0.32063446055273558954       0.029834530285247816417       0.029834530285396725080
        0.79849907844623890796       0.074299078451432423731      -0.074299078451192226979       -0.96138655246862680936       0.089455500716161248653       0.089455500716149216611        0.35900269984759841657       0.033404634369717439712       0.033404634369862740151
        0.79023836023249027782       0.073530431664991124929      -0.073530431664747916698       -0.96851548180867574889       0.090118836334955459977       0.090118836334945454092        0.39677341457824183424       0.036919139736957540254       0.036919139737095610365
        0.78183148246803013670       0.072748184963136813819      -0.072748184962889941851       -0.97492791218182339730       0.090715502856208080074       0.090715502856194771275        0.43388373911755789836       0.040372196839623647469       0.040372196839755208897
        0.77328000005773034342       0.071952483027306265995      -0.071952483027061531207       -0.98061909973025496168       0.091245058871433415426       0.091245058871417955570        0.47027190699273624386       0.043758058404949493059       0.043758058405073456398
        0.76458549465200231765       0.071143473027574954948      -0.071143473027336187609       -0.98558483416505293651       0.091707112619891242855       0.091707112619879141424        0.50587735368946806780       0.047071089000507708444       0.047071089000622727549
        0.75574957435425837993       0.070321304595420949801      -0.070321304595197212106       -0.98982144188093268422       0.092101322278412722788       0.092101322278406977384        0.54064081745559788850       0.050305774413831605418       0.050305774413937000278
        0.74677387342348389154       0.069486129796078294207      -0.069486129795862869307       -0.99332578867394127897       0.092427396214276827391       0.092427396214272608543        0.57450443793646321922       0.053456730830282628286       0.053456730830374242502
        0.73766005197197070942       0.068638103100371439247      -0.068638103100160566261       -0.99609528206011332951       0.092685093200940857350       0.092685093200936236046        0.60741185247774709399       0.056518713793867803030       0.056518713793944408419
        0.72840979565826913245       0.067777381356164539961      -0.067777381355956761722       -0.99812787319336693237       0.092874222596504046878       0.092874222596505004446        0.63930828993555144368       0.059486626936127717791       0.059486626936189217207
        0.71902481537541451662       0.066904123759348094191      -0.066904123759147102191       -0.99942205838122177841       0.092994644484760399794       0.092994644484768171355        0.67014066183755927053       0.062355530458537831995       0.062355530458584378095
        0.70950684693448695661       0.066018491824399672119      -0.066018491824211850139       -0.99997688019721697739       0.093046269778692222707       0.093046269778705073539        0.69985765074356187654       0.065120649354314899537       0.065120649354346540894
        0.69985765074356209858       0.065120649354515780516      -0.065120649354342655113       -0.99979192818920648023       0.093029060286377016076       0.093029060286391573875        0.72840979565826891040       0.067777381355938595697       0.067777381355960925058
        0.69007901148211225895       0.064210762411306798736      -0.064210762411146621309       -0.99886733918300796287       0.092943028739239333391       0.092943028739254113235        0.75574957435425771379       0.070321304595190828324       0.070321304595201569732
        0.68017273777091968867       0.063288999284078648055      -0.063288999283931571260       -0.99720379718118024037       0.092788238782635257262       0.092788238782650453440        0.78183148246802958159       0.072748184962893688854       0.072748184962894174577
        0.67014066183755949258       0.062355530458716189324      -0.062355530458580679665       -0.99480253285700404042       0.092564804928770408332       0.092564804928786506566        0.80661210923752968416       0.075053983156180711922       0.075053983156173939562
        0.65998463917751937213       0.061410528586137380636      -0.061410528586019079433       -0.99166532264404194663       0.092272892471983031237       0.092272892472000392350        0.83005020975508048142       0.077234861401520263358       0.077234861401505178202
        0.64970654821101225807       0.060454168450383691247      -0.060454168450281647873       -0.98779448742194808641       0.091912717366464821711       0.091912717366478963177        0.85210677361545661412       0.079287189842302416287       0.079287189842277519536
        0.63930828993555144368       0.059486626936265184218      -0.059486626936185449388       -0.98319289079950289434       0.091484546066489591531       0.091484546066497973715        0.87274508984485565932       0.081207552580376790585       0.081207552580343983495
        0.62879178757434928126       0.058508082996675619958      -0.058508082996613593185       -0.97786393699614126973       0.090988695329296417902       0.090988695329300525727        0.89193080800269353148       0.082992753361486343300       0.082992753361445945059
        0.61815898622060538870       0.057518717619459674983      -0.057518717619417396303       -0.97181156832354187447       0.090425531980760642803       0.090425531980764195517        0.90963199535451833011       0.084639820895110379206       0.084639820895063777595
        0.60741185247774776013       0.056518713793967667591      -0.056518713793940598966       -0.96504026226914008113       0.089795472644022752973       0.089795472644024654230        0.92581919002089785309       0.086146013799882167894       0.086146013799834997293
        0.59655237409569905616       0.055508256477184422795      -0.055508256477174527932       -0.95755502818372473239       0.089098983431267458899       0.089098983431262837596        0.94046545001381154361       0.087508825166362380621       0.087508825166314557764
        0.58558255960322880274       0.054487532559539517130      -0.054487532559550036493       -0.94936140357556486613       0.088336579598890213605       0.088336579598880166087        0.95354639807892782599       0.088725986729526112873       0.088725986729477582249
        0.57450443793646355228       0.053456730830342254202      -0.053456730830370176311       -0.94046545001381165463       0.087508825166327408596       0.087508825166315043487        0.96504026226913974806       0.089795472644071658297       0.089795472644023113795
        0.56332005806362184241       0.052416041942849364577      -0.052416041942892475924       -0.93087374864420413534       0.086616332498799256112       0.086616332498787335092        0.97492791218182350832       0.090715502856240665119       0.090715502856193064307
        0.55203148860604644987       0.051365658379012968382      -0.051365658379066661543       -0.92059339532039841103       0.085659761854286434191       0.085659761854275665027        0.98319289079950289434       0.091484546066541216902       0.091484546066496363892
        0.54064081745559733339       0.050305774413864176586      -0.050305774413933281031       -0.90963199535451821909       0.084639820895071493645       0.084639820895064277195        0.98982144188093268422       0.092101322278444211489       0.092101322278405367561
        0.52915015138848509046       0.049236586079602059907      -0.049236586079692459816       -0.89799765789081475997       0.083557264164226208170       0.083557264164222030955        0.99480253285700404042       0.092564804928820035301       0.092564804928784702454
        0.51756161567560721171       0.048158291129332994607      -0.048158291129445245093       -0.88569898990659434723       0.082412892527397807463       0.082412892527396891529        0.99812787319336682135       0.092874222596533884122       0.092874222596503241967
        0.50587735368946840087       0.047071089000486884824      -0.047071089000619154019       -0.87274508984485632546       0.081207552580340416903       0.081207552580344052884        0.99979192818920648023       0.093029060286418038817       0.093029060286389547718
        0.49409952650774885408       0.045975180777929780529      -0.045975180778079979826       -0.85914554088334638138       0.079942136022611104407       0.079942136022621415603        0.99979192818920648023       0.093029060286418052694       0.093029060286389519963
        0.48223031251359960159       0.044870769156773057662      -0.044870769156940409905       -0.84491040384500881721       0.078617578997903211913       0.078617578997918408090        0.99812787319336693237       0.092874222596530359164       0.092874222596503200333
        0.47027190699273690999       0.043758058404889617343      -0.043758058405070021646       -0.83005020975508081449       0.077234861401488386079       0.077234861401504872891        0.99480253285700404042       0.092564804928808391837       0.092564804928784549798
        0.45822652172741051846       0.042637254325122941889      -0.042637254325314774550       -0.81457595205033594965       0.075795006155297828254       0.075795006155314592622        0.98982144188093268422       0.092101322278428612855       0.092101322278405145516
        0.44609638458732031596       0.041508564217231397331      -0.041508564217432632193       -0.79849907844623890796       0.074299078451179570437       0.074299078451196223782        0.98319289079950311638       0.091484546066518832030       0.091484546066496197358
        0.43388373911755823142       0.040372196839539728486      -0.040372196839751940678       -0.78183148246802991466       0.072748184962877784909       0.072748184962893785999        0.97492791218182373036       0.090715502856213284244       0.090715502856193064307
        0.42159084412365005479       0.039228362370345631893      -0.039228362370560203309       -0.76458549465200242867       0.071143473027325251912       0.071143473027340017878        0.96504026226914030318       0.089795472644043097810       0.089795472644023141551
        0.40921997325377551524       0.038077272369018186349      -0.038077272369230537319       -0.74677387342348389154       0.069486129795853057711       0.069486129795866449776        0.95354639807892793701       0.088725986729497108296       0.088725986729477304693
        0.39677341457824255588       0.036919139736885243919      -0.036919139737092487863       -0.72840979565826913245       0.067777381355949337105       0.067777381355960245046        0.94046545001381176565       0.087508825166334833212       0.087508825166314016530
        0.38425347016629446406       0.035754178677844347667      -0.035754178678054110430       -0.70950684693448695661       0.066018491824210642771       0.066018491824215166930        0.92581919002089818616       0.086146013799859200155       0.086146013799834414426
        0.37166245566032757308       0.034582604658771075312      -0.034582604658984168744       -0.69007901148211203690       0.064210762411153837759       0.064210762411149799322        0.90963199535451821909       0.084639820895095752018       0.084639820895063180850
        0.35900269984759869413       0.033404634369645996861      -0.033404634369859832754       -0.67014066183755960360       0.062355530458590040233       0.062355530458583774411        0.89193080800269342046       0.082992753361486218400       0.082992753361445459337
        0.34627654422950149282       0.032220485683477059768      -0.032220485683688522560       -0.64970654821101225807       0.060454168450291577430       0.060454168450284645475        0.87274508984485643648       0.081207552580393360664       0.081207552580343053683
        0.33348634258849108036       0.031030377615997539048      -0.031030377616211267389       -0.62879178757435005842       0.058508082996628497929       0.058508082996616819771        0.85210677361545650310       0.079287189842332919665       0.079287189842276339924
        0.32063446055273592261       0.029834530285174395980      -0.029834530285393956461       -0.60741185247774820422       0.056518713793960298486       0.056518713793943624324        0.83005020975508037040       0.077234861401565782502       0.077234861401503915324
        0.30772327515858177716       0.028633164870487545772      -0.028633164870715249045       -0.58558255960322846967       0.054487532559570492352       0.054487532559553179812        0.80661210923753057234       0.075053983156239983954       0.075053983156172524027
        0.29475517441090415272       0.027426503572025123096      -0.027426503572258165847       -0.56332005806362195344       0.052416041942912029727       0.052416041942895459649        0.78183148246803002568       0.072748184962964729250       0.072748184962892536998
        0.28173255684142961552       0.026214769569378654213      -0.026214769569612786371       -0.54064081745559744441       0.050305774413951925839       0.050305774413935896994        0.75574957435425815788       0.070321304595279160443       0.070321304595199612963
        0.26865783106511387235       0.024998186980364975329      -0.024998186980597639911       -0.51756161567560687864       0.048158291129460996383       0.048158291129447680645        0.72840979565826990960       0.067777381356047744498       0.067777381355958940534
        0.25553341533465301350       0.023776980819582300974      -0.023776980819807821965       -0.49409952650774857652       0.045975180778092719636       0.045975180778082387623        0.69985765074356220961       0.065120649354440146572       0.065120649354344542492
        0.24236173709321223724       0.022551376956784784794      -0.022551376956996896372       -0.47027190699273663244       0.043758058405081963482       0.043758058405072242092        0.67014066183755960360       0.062355530458685526352       0.062355530458582365816
        0.22914523252545579424       0.021321602075106915741      -0.021321602075301187423       -0.44609638458732081556       0.041508564217443505440       0.041508564217434686106        0.63930828993555122164       0.059486626936298275803       0.059486626936187093906
        0.21588634610695731086       0.020087883629134602875      -0.020087883629313268985       -0.42159084412365055439       0.039228362370565490747       0.039228362370562028238        0.60741185247774687195       0.056518713794057005850       0.056518713793942132462
        0.20258753015208127990       0.018850449802846874076      -0.018850449803012616495       -0.39677341457824305548       0.036919139737095950371       0.036919139737094257281        0.57450443793646366331       0.053456730830489303241       0.053456730830372063690
        0.18925124436041049214       0.017609529467409523046      -0.017609529467561609722       -0.37166245566032807268       0.034582604658989303525       0.034582604658985834079        0.54064081745559755543       0.050305774414054524324       0.050305774413934987999
        0.17587995536180953127       0.016365352138838811652      -0.016365352138974376822       -0.34627654422950199242       0.032220485683689528700       0.032220485683690069934        0.50587735368946784575       0.047071089000741056507       0.047071089000620805476
        0.16247613626020562805       0.015118147935550198258      -0.015118147935666506262       -0.32063446055273514546       0.029834530285386760828       0.029834530285395358118        0.47027190699273596630       0.043758058405191306572       0.043758058405071589836
        0.14904226617617424844       0.013868147535791653172      -0.013868147535893035616       -0.29475517441090387516       0.027426503572248489560       0.027426503572259616076        0.43388373911756006329       0.040372196839872191709       0.040372196839753411723
        0.13558082978840768629       0.012615582134988471974      -0.012615582135083092466       -0.26865783106511359479       0.024998186980593202489       0.024998186980599093610        0.39677341457824405468       0.036919139737207583296       0.036919139737093924214
        0.12209431687416009982       0.011360683402988147953      -0.011360683403078873990       -0.24236173709321279235       0.022551376956992975897       0.022551376956998197415        0.35900269984759980435       0.033404634369966823559       0.033404634369861060939
        0.10858522184874558336       0.010103683441196616155      -0.010103683441286854736       -0.21588634610695742189       0.020087883629304827821       0.020087883629314535333        0.32063446055273614466       0.029834530285490993423       0.029834530285395056276
       0.095056043304182880060      0.0088448147396585317936     -0.0088448147397491849730       -0.18925124436041063092       0.017609529467550892601       0.017609529467562678312        0.28173255684142989308       0.026214769569699390706       0.026214769569613927819
       0.081509283547063368647      0.0075843101340549948924     -0.0075843101341431240492       -0.16247613626020621092       0.015118147935655405767       0.015118147935667384033        0.24236173709321204295       0.022551376957075583429       0.022551376956997864348
       0.067947448135734181407      0.0063224027626353953430     -0.0063224027627167018323       -0.13558082978840824140       0.012615582135073688530       0.012615582135083774212        0.20258753015208194603       0.018850449803083313416       0.018850449803013480388
       0.054373045416879428604      0.0050593260231027014501     -0.0050593260231683251718       -0.10858522184874570826       0.010103683441281633218       0.010103683441287415051        0.16247613626020632194       0.015118147935726499939       0.015118147935667189743
       0.040788586061585738185      0.0037953135294256710834     -0.0037953135294783195072      -0.081509283547063493547      0.0075843101341412002409      0.0075843101341435386481        0.12209431687415989165       0.011360683403126922361       0.011360683403079344100
       0.027196582600977813049      0.0025305990686635649808     -0.0025305990687006668129      -0.054373045416879546565      0.0050593260231626448198      0.0050593260231685940539       0.081509283547062716391      0.0075843101341767863582      0.0075843101341434284932
       0.013599548961509633563      0.0012654165577004748873     -0.0012654165577225518456      -0.027196582600977049771      0.0025305990686927447644      0.0025305990687007999529       0.040788586061584648779      0.0037953135294943162598      0.0037953135294784647903
