      Jacobi:               ARMADILLO:
         2.9954740013606935278         2.9954740013606278026
         6.9775248588486027401         6.9775248588484339862
         10.945161302453291441         10.945161302453030316
         14.898300085052726516         14.898300085052371244
         18.836858667314860583         18.836858667314270832
         22.760753641703345806         22.760753641702763161
         26.669900299979360625         26.669900299978650082
         30.564212444981386341         30.564212444980480399
         34.443602277453834404         34.443602277452839644
         38.307980310670131985         38.307980310669258017
         42.157255296166397329         42.157255296165324410
         45.991334153644366722         45.991334153643030902
         49.810121901765853636         49.810121901764603081
         53.613521588098642212         53.613521588097050596
         57.401434217182938369         57.401434217181289910
         61.173758676049310168         61.173758676047143013
         64.930391656676960110         64.930391656675254808
         68.671227574998468413         68.671227574996848375
         72.396158486069992932         72.396158486067889726
         76.105073995075372295         76.105073995073297510
         79.797861163819561625         79.797861163816918406
         83.474404412348803817         83.474404412346572713
         87.134585415347714843         87.134585415345057413
         90.778282992899988812         90.778282992897018744
         94.405372995216097820         94.405372995213028275
         98.015728180863703756         98.015728180860890006
         101.60921808801850830         101.60921808801590771
         105.18570889820441039         105.18570889820119874
         108.74506329194403520         108.74506329194093723
         112.28714029570039656         112.28714029569717070
         115.81179511940439397         115.81179511940153759
         119.31887898382915125         119.31887898382704805
         122.80823893697450444         122.80823893697127858
         126.27971765854188391         126.27971765853885699
         129.73315325152253763         129.73315325151881439
         133.16837901975128489         133.16837901974741953
         136.58522323023359490         136.58522323022856426
         139.98350885885622574         139.98350885885332673
         143.36305331801156626         143.36305331800679141
         146.72366816438778869         146.72366816438369597
         150.06515878514227325         150.06515878513820894
         153.38732406028108812         153.38732406027577326
         156.68995599894668658         156.68995599894256543
         159.97283934698663188         159.97283934698157282
         163.23575116279886288         163.23575116279462804
         166.47846035817664756         166.47846035817153165
         169.70072720031498648         169.70072720030853475
         172.90230277073771958         172.90230277073328580
         176.08292837626950700         176.08292837626390792
         179.24233490645019629         179.24233490644414246
         182.38024213110091409         182.38024213109434868
         185.49635793068199519         185.49635793067483291
         188.59037745105439399         188.59037745104737382
         191.66198217291119477         191.66198217290437356
         194.71083888457590660         194.71083888457087596
         197.73659854501920563         197.73659854501411814
         200.73889502165724252         200.73889502165113186
         203.71734368484163724         203.71734368483504340
         206.67153983761986069         206.67153983761414793
         209.60105695534829806         209.60105695534250003
         212.50544470480105019         212.50544470479493953
         215.38422670635304712         215.38422670634534484
         218.23689799518848531         218.23689799518174937
         221.06292212802586050         221.06292212802009090
         223.86172786975549798         223.86172786974933047
         226.63270537911020597         226.63270537910310054
         229.37520179271660936         229.37520179271004395
         232.08851608121759114         232.08851608120968990
         234.77189301739721827         234.77189301739042548
         237.42451605145885196         237.42451605145404869
         240.04549882810474060         240.04549882809769201
         242.63387499758505328         242.63387499757766363
         245.18858585843759101         245.18858585843065612
         247.70846520795322476         247.70846520794802359
         250.19222054409110001         250.19222054408481881
         252.63840942097499465         252.63840942096754816
         255.04540924614354935         255.04540924613490915
         257.41137801252068584         257.41137801251085193
         259.73420218897274481         259.73420218896461620
         262.01142589246018133         262.01142589245245063
         264.24015183486699243         264.24015183485727221
         266.41689793610032666         266.41689793609111803
         268.53738071583876490         268.53738071582932889
         270.59616988327991294         270.59616988327064746
         272.58609818294758043         272.58609818294149818
         274.49717733001125453         274.49717733000244380
         276.31471941610607246         276.31471941609834175
         278.01938858119058295         278.01938858118336384
         279.61126830005639476         279.61126830004633348
         281.17223097989267444         281.17223097988301106
         282.82066346730931627         282.82066346730027817
         284.59244647515816951         284.59244647514975668
         286.47239159876727399         286.47239159875806536
         288.44334270499666673         288.44334270499024342
         290.49359787120823739         290.49359787119811926
         292.61508819307880458         292.61508819307130125
         294.80191313905532979         294.80191313904526851
         297.04955087038621286         297.04955087037677686
         299.35441444405563516         299.35441444404750655
         301.71358303021605707         301.71358303020525682
         304.12462882371136175         304.12462882370158468
         306.58550010544939823         306.58550010544036013
         309.09443915638917133         309.09443915638104272
         311.64992280518765710         311.64992280517805057
         314.25061823046479503         314.25061823045530218
         316.89534936919045549         316.89534936917982577
         319.58307089682620017         319.58307089681630941
         322.31284773766321905         322.31284773765412410
         325.08383869518962683         325.08383869517911080
         327.89528320598759592         327.89528320597736410
         330.74649049861949379         330.74649049860994410
         333.63683062996727813         333.63683062995511364
         336.56572700552692368         336.56572700551708976
         339.53265008590375373         339.53265008589278295
         342.53711205106856141         342.53711205105588533
         345.57866224529266219         345.57866224528174826
         348.65688326375794759         348.65688326374453254
         351.77138757070122210         351.77138757069167241
         354.92181456118646565         354.92181456117657490
         358.10782799539254029         358.10782799538026211
         361.32911374786118586         361.32911374785015823
         364.58537782446052233         364.58537782444744835
         367.87634460811040071         367.87634460809840675
         371.20175530108775774         371.20175530107900386
         374.56136653692664140         374.56136653691623906
         377.95494913932901682         377.95494913931605652
         381.38228700908393876         381.38228700907313851
         384.84317612282899290         384.84317612281859056
         388.33742362986902208         388.33742362985924501
         391.86484703536802954         391.86484703535603558
         395.42527345975815933         395.42527345974446007
         399.01853896570861480         399.01853896569497238
         402.64448794509627305         402.64448794508285800
         406.30297255943884238         406.30297255942588208
         409.99385222810491314         409.99385222809098650
         413.71699315929976137         413.71699315928759688
         417.47226791949350400         417.47226791947986158
         421.25955503738578045         421.25955503737367280
         425.07873863910731416         425.07873863909247802
         428.92970811155703359         428.92970811154344801
         432.81235779133550068         432.81235779132094876
         436.72658667679655764         436.72658667678194888
         440.67229816120789110         440.67229816119572661
         444.64939978509937646         444.64939978508635932
         448.65780300610089171         448.65780300608997777
         452.69742298483095055         452.69742298482026399
         456.76817838540341654         456.76817838538909200
         460.86999118937455933         460.86999118936222430
         465.00278652206833385         465.00278652205469143
         469.16649249018666978         469.16649249016984413
         473.36104002990100525         473.36104002988673756
         477.58636276459282044         477.58636276457809799
         481.84239687143690389         481.84239687142297726
         486.12908095625533633         486.12908095623845384
         490.44635593593443446         490.44635593591959832
         494.79416492794467786         494.79416492792847748
         499.17245314633686348         499.17245314632145892
         503.58116780386353639         503.58116780384813183
         508.02025801971132069         508.02025801969506347
         512.48967473249888371         512.48967473248023907
         516.98937061815672678         516.98937061814137905
         521.51930001239611556         521.51930001238326895
         526.07941883739772493         526.07941883738226352
         530.66968453248455262         530.66968453246681747
         535.29005598853029824         535.29005598851347258
         539.94049348583712344         539.94049348582143466
         544.62095863526280937         544.62095863524280048
         549.33141432237960089         549.33141432236448054
         554.07182465457151466         554.07182465455377951
         558.84215491070824555         558.84215491068869142
         563.64237149342852717         563.64237149341408895
         568.47244188378715535         568.47244188376794227
         573.33233459805501298         573.33233459804046106
         578.22201914675838452         578.22201914673405554
         583.14146599551474992         583.14146599549997063
         588.09064652796143946         588.09064652794097583
         593.06953301018791080         593.06953301017335889
         598.07809855706659619         598.07809855704726942
         603.11631709995583606         603.11631709993525874
         608.18416335601853007         608.18416335600124967
         613.28161279889127400         613.28161279886990087
         618.40864163063577053         618.40864163061905856
         623.56522675504754716         623.56522675502731090
         628.75134575202707765         628.75134575200581821
         633.96697685317928972         633.96697685315712079
         639.21209891841988338         639.21209891839782813
         644.48669141360346657         644.48669141359221157
         649.79073438916384475         649.79073438914610961
         655.12420845952976833         655.12420845950975945
         660.48709478357204716         660.48709478354612656
         665.87937504573790193         665.87937504572028047
         671.30103143808958066         671.30103143807059496
         676.75204664294392387         676.75204664292118650
         682.23240381631956097         682.23240381630239426
         687.74208657206361295         687.74208657204292194
         693.28107896652045383         693.28107896650328712
         698.84936548394114197         698.84936548391829092
         704.44693102233952686         704.44693102232156434
         710.07376088004650683         710.07376088002376946
         715.72984074263968068         715.72984074262046761
         721.41515667052738081         721.41515667050350658
         727.12969508687683629         727.12969508685318942
         732.87344276612191152         732.87344276609098870
         738.64638682279178283         738.64638682277120552
         744.44851470091657575         744.44851470089076884
         750.27981416362592881         750.27981416360091771
         756.14027328332542766         756.14027328330189448
         762.02988043212837965         762.02988043210336855
         767.94862427265843507         767.94862427263637983
         773.89649374922157676         773.89649374920008995
         779.87347807925357301         779.87347807922947140
         785.87956674509302957         785.87956674507370280
         791.91474948609709372         791.91474948607333317
         797.97901629100101673         797.97901629098089415
         804.07235739107625250         804.07235739105635730
         810.19476325613140943         810.19476325611049106
         816.34622460751268136         816.34622460749210404
         822.52673252816100558         822.52673252813622184
         828.73627909406002345         828.73627909403808189
         834.97486059059929175         834.97486059058064711
         841.24249242390988002         841.24249242388975745
         847.53927168525444813         847.53927168523387081
         853.86561123928902362         853.86561123926753680
         860.22300252040213309         860.22300252038235158
         866.61609777878231853         866.61609777876697081
         873.05715512577762638         873.05715512575102366
         879.57247902607309697         879.57247902605104173
         886.20619732183808992         886.20619732181285144
         893.01433319591592408         893.01433319588909399
         900.05020044173193128         900.05020044170623805
         907.35283178092527123         907.35283178089844114
         914.94602869690891112         914.94602869688333158
         922.84416789960721417         922.84416789958311256
         931.05834031105587201         931.05834031102983772
         939.60031678508210007         939.60031678505686159
         948.48467130424228344         948.48467130421772708
         957.72997021973571918         957.72997021971173126
         967.35968115817297530         967.35968115815251167
         977.40318135063341742         977.40318135061193061
         987.89711720111995419         987.89711720109437465
         998.88736258941275992         998.88736258939013624
         1010.4319233016193493         1010.4319233015959298
         1022.6053689265405637         1022.6053689265108915
         1035.5058552955474624         1035.5058552955188134
         1049.2668314646855379         1049.2668314646543877
         1064.0779306869192169         1064.0779306868919321
         1080.2258771600511409         1080.2258771600327236
         1098.1859536483034390         1098.1859536482809290
         1118.8735534287559403         1118.8735534287268365
         1144.6619193519672990         1144.6619193519370583
