      Jacobi:               ARMADILLO:
         4.0573217237582834827         4.0573217237584797701
         7.9082994347983790462         7.9082994347987920492
         11.816988143943135015         11.816988143942833034
         15.760303752846617442         15.760303752846523295
         19.795285483156330741         19.795285483156046524
         24.157620335266795308         24.157620335266322797
         29.159271064084343550         29.159271064083380764
         34.955309891221752139         34.955309891220444740
         41.570990225998706080         41.570990225997526579
         48.998150044340178511         48.998150044339013220
         57.226874601292507805         57.226874601290930400
         66.249778216422583910         66.249778216420125432
         76.061507756121827128         76.061507756119638657
         86.657972843226673376         86.657972843224015946
         98.035824398342171548         98.035824398338988317
         110.19213630690938999         110.19213630690471462
         123.12421252773131641         123.12421252772763580
         136.82946824455291335         136.82946824454936063
         151.30535496116209515         151.30535496115572869
         166.54931219870033487         166.54931219869359893
         182.55873568105320714         182.55873568104740912
         199.33095598407581406         199.33095598406822546
         216.86322397655430905         216.86322397654581096
         235.15270076286864764         235.15270076286168432
         254.19645066796573474         254.19645066795513344
         273.99143631571632795         273.99143631570694879
         294.53451517221105860         294.53451517220048572
         315.82243713034375787         315.82243713033290078
         337.85184284586097192         337.85184284584852321
         360.61926262344178440         360.61926262343143890
         384.12111571111347530         384.12111571110165187
         408.35370990187971074         408.35370990186925155
         433.31324136981334050         433.31324136979787909
         458.99579468737636034         458.99579468736402532
         485.39734298502821730         485.39734298501304011
         512.51374822386810592         512.51374822385128027
         540.34076155969228239         540.34076155967193245
         568.87402378185572616         568.87402378183719520
         598.10906581445476604         598.10906581443634877
         628.04130927009487095         628.04130927007304308
         658.66606704881826317         658.66606704879382050
         689.97854397635455825         689.97854397633773260
         721.97383747714275160         721.97383747711864999
         754.64693827834651074         754.64693827832138595
         787.99273114226014059         787.99273114222978620
         822.00599562448337565         822.00599562445790980
         856.68140685625030528         856.68140685622540786
         892.01353634917018098         892.01353634914119084
         927.99685282126529273         927.99685282124346486
         964.62572304329091821         964.62572304325806272
         1001.8944127042333321         1001.8944127042003629
         1039.7970872956307176         1039.7970872955959294
         1078.3278130137148310         1078.3278130136845903
         1117.4805576790990926         1117.4805576790668056
         1157.2491916733772541         1157.2491916733376911
         1197.6274888923037452         1197.6274888922653190
         1238.6091277152063412         1238.6091277151710983
         1280.1876919901965266         1280.1876919901590099
         1322.3566720349381285         1322.3566720348935633
         1365.1094656526918243         1365.1094656526506697
         1408.4393791634051922         1408.4393791633619912
         1452.3396284494738211         1452.3396284494281190
         1496.8033400160879864         1496.8033400160438759
         1541.8235520658604401         1541.8235520658181485
         1587.3932155875168064         1587.3932155874740602
         1633.5051954584689611         1633.5051954584100713
         1680.1522715609878560         1680.1522715609191891
         1727.3271399119196303         1727.3271399118580121
         1775.0224138056310039         1775.0224138055723415
         1823.2306249699186083         1823.2306249698708598
         1871.9442247349038553         1871.9442247348556521
         1921.1555852144749679         1921.1555852144126675
         1970.8570005002366088         1970.8570005001588470
         2021.0406878677272289         2021.0406878676585620
         2071.6987889947763506         2071.6987889947067742
         2122.8233711915590902         2122.8233711914831474
         2174.4064286424613783         2174.4064286423813428
         2226.4398836593882152         2226.4398836593090891
         2278.9155879463301062         2278.9155879462705343
         2331.8253238750940000         2331.8253238750135097
         2385.1608057716416624         2385.1608057715607174
         2438.9136812134806860         2438.9136812134006504
         2493.0755323372322891         2493.0755323371517989
         2547.6378771565573516         2547.6378771564841372
         2602.5921708901728380         2602.5921708900923477
         2657.9298072995893563         2657.9298072995179609
         2713.6421200366953599         2713.6421200366075936
         2769.7203840004908670         2769.7203840003876394
         2826.1558167032635538         2826.1558167031689663
         2882.9395796457179131         2882.9395796456306016
         2940.0627797008355628         2940.0627797007055051
         2997.5164705061370114         2997.5164705060246888
         3055.2916538648141795         3055.2916538647150446
         3113.3792811544344659         3113.3792811543312382
         3171.7702547437961584         3171.7702547436988425
         3230.4554294175304676         3230.4554294174454299
         3289.4256138081063909         3289.4256138080090750
         3348.6715718350233146         3348.6715718348800692
         3408.1840241509789848         3408.1840241508780309
         3467.9536495953111626         3467.9536495952088444
         3527.9710866532068394         3527.9710866531008833
         3588.2269349218768184         3588.2269349217749550
         3648.7117565826251848         3648.7117565825278689
         3709.4160778788332209         3709.4160778786995252
         3770.3303905994130218         3770.3303905992806904
         3831.4451535680673260         3831.4451535679513654
         3892.7507941374383336         3892.7507941372955429
         3954.2377096880782119         3954.2377096879777127
         4015.8962691327442371         4015.8962691326223649
         4077.7168144242955350         4077.7168144241904884
         4139.6896620687457471         4139.6896620685947710
         4201.8051046414566372         4201.8051046413293079
         4264.0534123079751225         4264.0534123078668927
         4326.4248343477238450         4326.4248343475937872
         4388.9096006811705593         4388.9096006810432300
         4451.4979234003221791         4451.4979234001857549
         4514.1799983016935585         4514.1799983015280304
         4576.9460064219756532         4576.9460064218037587
         4639.7861155761320333         4639.7861155759919711
         4702.6904818975763192         4702.6904818974317095
         4765.6492513799457811         4765.6492513797984429
         4828.6525614208421757         4828.6525614206830141
         4891.6905423667185460         4891.6905423665502894
         4954.7533190589938386         4954.7533190588210346
         5017.8310123809951619         5017.8310123808496428
         5080.9137408056631102         5080.9137408055266860
         5143.9916219434762752         5143.9916219433052902
         5207.0547740905540195         5207.0547740903693921
         5270.0933177768702080         5270.0933177767183224
         5333.0973773140831327         5333.0973773139348850
         5396.0570823425105118         5396.0570823423677211
         5458.9625693776179105         5458.9625693775024047
         5521.8039833554594225         5521.8039833552929849
         5584.5714791763357425         5584.5714791761602100
         5647.2552232476837162         5647.2552232474772609
         5709.8453950244329462         5709.8453950242565043
         5772.3321885480208948         5772.3321885478053446
         5834.7058139823029705         5834.7058139821219811
         5896.9564991479528544         5896.9564991477691365
         5959.0744910532002905         5959.0744910530056586
         6021.0500574221177885         6021.0500574219104237
         6082.8734882194403326         6082.8734882192811710
         6144.5350971722236864         6144.5350971720499729
         6206.0252232872062450         6206.0252232869916043
         6267.3342323646484147         6267.3342323644683347
         6328.4525185082002281         6328.4525185079837684
         6389.3705056294802489         6389.3705056293010784
         6450.0786489490537861         6450.0786489488946245
         6510.5674364916667400         6510.5674364914948455
         6570.8273905766936878         6570.8273905764754090
         6630.8490693030471448         6630.8490693028770693
         6690.6230680289472730         6690.6230680288026633
         6750.1400208451714207         6750.1400208449631464
         6809.3906020423301015         6809.3906020421436551
         6868.3655275725432148         6868.3655275723422164
         6927.0555565035592736         6927.0555565033682797
         6985.4514924668374078         6985.4514924666427760
         7043.5441850982842880         7043.5441850980023446
         7101.3245314714540655         7101.3245314712439722
         7158.7834775244609773         7158.7834775242026808
         7215.9120194773586263         7215.9120194771285242
         7272.7012052433465215         7272.7012052431227858
         7329.1421358306661205         7329.1421358304278328
         7385.2259667366461144         7385.2259667363287008
         7440.9439093327118826         7440.9439093324408532
         7496.2872322413859365         7496.2872322411685673
         7551.2472627033203025         7551.2472627030983858
         7605.8153879353576485         7605.8153879351157229
         7659.9830564792473524         7659.9830564790145218
         7713.7417795406145160         7713.7417795403662240
         7767.0831323177053491         7767.0831323174661520
         7819.9987553203209245         7819.9987553200699040
         7872.4803556780734652         7872.4803556777733320
         7924.5197084379969965         7924.5197084377514329
         7976.1086578518807073         7976.1086578516769805
         8027.2391186518207178         8027.2391186515660593
         8077.9030773146114370         8077.9030773143676925
         8128.0925933152839207         8128.0925933150238052
         8177.7998003681022965         8177.7998003678267196
         8227.0169076561614929         8227.0169076558195229
         8275.7362010482829646         8275.7362010480173922
         8323.9500443044289568         8323.9500443042306870
         8371.6508802675853076         8371.6508802672542515
         8418.8312320425302460         8418.8312320421919139
         8465.4837041629689338         8465.4837041626633436
         8511.6009837439269177         8511.6009837436922680
         8557.1758416212214797         8557.1758416209668212
         8602.2011334766066284         8602.2011334762846673
         8646.6698009492265555         8646.6698009488773096
         8690.5748727326372318         8690.5748727323425555
         8733.9094656572215172         8733.9094656569504878
         8776.6667857572210778         8776.6667857569536864
         8818.8401293228598661         8818.8401293226615962
         8860.4228839372208313         8860.4228839369043271
         8901.4085294957967562         8901.4085294955475547
         8941.7906392119966767         8941.7906392117038195
         8981.5628806034255831         8981.5628806031763816
         9020.7190164630992513         9020.7190164627500053
         9059.2529058110758342         9059.2529058107975288
         9097.1585048299693881         9097.1585048296674358
         9134.4298677796650736         9134.4298677792521630
         9171.0611478934479237         9171.0611478930386511
         9207.0465982541281846         9207.0465982538735261
         9242.3805726488717482         9242.3805726485188643
         9277.0575264003382472         9277.0575264000326570
         9311.0720171770135494         9311.0720171766934072
         9344.4187057764720521         9344.4187057761391770
         9377.0923568833713944         9377.0923568830221484
         9409.0878397985543415         9409.0878397982451133
         9440.4001291377990128         9440.4001291374024731
         9471.0243054959646543         9471.0243054956590640
         9500.9555560758508364         9500.9555560755597980
         9530.1891752740175434         9530.1891752736919443
         9558.7205652213560825         9558.7205652210159315
         9586.5452362708947476         9586.5452362705600535
         9613.6588074249539204         9613.6588074246174074
         9640.0570066918462544         9640.0570066915679490
         9665.7356713602675882         9665.7356713599037903
         9690.6907481740290677         9690.6907481736197951
         9714.9182933891188441         9714.9182933887786930
         9738.4144726854010514         9738.4144726850609004
         9761.1755608986750303         9761.1755608983676211
         9783.1979415300538676         9783.1979415297737432
         9804.4781059720698977         9804.4781059717388416
         9825.0126523728285974         9825.0126523724356957
         9844.7982840315635258         9844.7982840312070039
         9863.8318071792709816         9863.8318071789381065
         9882.1101279414324381         9882.1101279410177085
         9899.6302481997099676         9899.6302481994753180
         9916.3892599519567739         9916.3892599515256734
         9932.3843375841115630         9932.3843375837950589
         9947.6127272111516504         9947.6127272107896715
         9962.0717318072092894         9962.0717318068727764
         9975.7586901974991633         9975.7586901971717452
         9988.6709468970311718         9988.6709468966419081
         10000.805807994449424         10000.805807994149291
         10012.160475201455483         10012.160475201102599
         10022.731944710887547         10022.731944710576499
         10032.516847365866852         10032.516847365523063
         10041.511186862462637         10041.511186862131581
         10049.709891734921257         10049.709891734601115
         10057.106004900730113         10057.106004900326298
         10063.689104416909686         10063.689104416569535
         10069.441870635415398         10069.441870635031592
         10074.330988069448722         10074.330988069114028
         10078.268779420232022         10078.268779419828206
         10081.142361272775815         10081.142361272408380
         10084.162704848668000         10084.162704848293288
         10088.654591976430311         10088.654591976064694
         10095.219242967592436         10095.219242967210448
