      Analytical:        Jacobi:           ARMADILLO:
        0.28173255684142967104        0.12013116587858121975        0.12013116587858131690
        0.54064081745559755543        0.23053001914522855409        0.23053001914523268967
        0.75574957435425815788        0.32225270127555938338        0.32225270127555116773
        0.90963199535451833011        0.38786838605912760114        0.38786838605913331879
        0.98982144188093268422        0.42206128094631889525        0.42206128094631639724
        0.98982144188093279524        0.42206128094631162329        0.42206128094631617520
        0.90963199535451844113        0.38786838605914403244        0.38786838605913293021
        0.75574957435425837993        0.32225270127554195287        0.32225270127555094568
        0.54064081745559777747        0.23053001914523327254        0.23053001914523243987
        0.28173255684142961552        0.12013116587858549411        0.12013116587858108097
